41 -59 63 
1 -38 61 
28 -64 66 
-12 -23 -36 
18 -20 56 
6 23 -37 
-5 -27 -32 
-13 -52 59 
-10 39 47 
-22 -58 59 
-5 38 -61 
16 41 61 
27 40 -59 
18 -33 49 
-17 27 62 
-6 -29 33 
-34 -42 -51 
27 -42 -47 
18 -67 -70 
-18 -54 66 
22 -56 59 
-7 -28 -33 
4 23 40 
12 -35 -52 
3 -25 51 
-9 16 -17 
1 10 35 
-17 22 -69 
20 -60 69 
27 38 55 
18 39 43 
-54 -65 -67 
21 41 -66 
8 35 -48 
-5 -7 -64 
13 17 -27 
17 -20 43 
-3 -5 -16 
-5 -34 43 
-2 -8 -17 
-35 46 62 
17 56 67 
-25 52 69 
1 -7 -57 
-6 -60 -62 
33 -38 42 
23 37 41 
12 -50 53 
50 -66 -68 
35 54 -67 
-20 33 38 
-33 34 -52 
-6 -21 23 
-6 -46 61 
-8 17 68 
6 -44 67 
45 49 50 
-20 44 66 
46 59 -69 
-6 35 -68 
43 -47 57 
1 16 51 
-4 -25 -46 
-4 31 -32 
-35 -57 -60 
13 30 41 
-4 -20 -65 
13 26 60 
-11 12 13 
-37 -41 -55 
13 -65 -70 
35 -39 -49 
27 -33 37 
-9 15 39 
-17 36 -39 
-28 -34 35 
7 38 -66 
-10 31 63 
-3 40 54 
28 -34 -61 
-35 -39 -60 
2 -18 56 
12 15 -64 
24 52 63 
-7 -8 -28 
-8 28 42 
-17 -24 -62 
-23 37 68 
-13 -22 -56 
34 50 -63 
-11 14 -59 
-10 15 -40 
4 43 53 
-14 -40 61 
19 20 -31 
-22 68 -69 
-1 -6 -53 
2 40 48 
13 -18 -68 
19 -33 44 
13 30 46 
26 48 69 
-1 -19 46 
59 -60 -61 
16 -29 64 
3 -54 58 
9 38 -70 
8 -56 -60 
-12 16 -26 
12 -25 67 
-44 -54 -67 
-29 31 -57 
26 -62 -66 
6 15 57 
-1 40 41 
43 60 -63 
23 24 -69 
43 -65 66 
9 32 -52 
18 42 -43 
14 27 52 
-31 -44 -68 
-27 -42 66 
-14 -16 42 
-15 27 44 
-7 -62 66 
21 25 -27 
-10 -55 65 
29 -56 -62 
-4 -5 64 
-17 -46 -62 
30 -46 -64 
2 -16 -40 
18 26 63 
25 -63 -64 
24 58 -64 
12 -13 -45 
13 21 -39 
21 -59 -64 
-16 -30 -45 
