-13 -35 -54 
-28 37 63 
11 -51 -61 
4 8 -49 
1 19 49 
22 29 49 
11 58 -66 
-23 -29 -65 
9 46 53 
9 12 27 
-22 58 59 
-30 -48 54 
16 34 -35 
13 -20 46 
-49 -57 -60 
10 -15 -19 
5 -18 -58 
-3 60 61 
-17 51 65 
12 22 -67 
27 42 58 
-21 -41 -43 
5 39 -41 
24 41 -63 
5 -11 70 
31 58 -70 
8 38 59 
-26 -40 -48 
-57 -63 65 
11 16 29 
5 -44 -45 
13 -15 23 
-4 -19 -39 
-14 20 62 
-22 -63 -64 
9 30 33 
12 -34 53 
-2 -28 -30 
16 30 40 
15 52 55 
23 34 -67 
1 -24 26 
27 42 -54 
-9 -15 50 
-14 -24 -30 
-2 39 -66 
23 -41 -46 
10 -14 21 
-67 68 70 
6 10 58 
-2 -47 -51 
45 48 55 
37 51 -70 
8 17 -55 
14 -17 24 
2 -34 -58 
-7 -15 -24 
1 -10 -24 
-38 -51 -54 
12 19 67 
-8 50 -61 
32 37 -56 
26 -31 47 
-12 44 46 
-16 -49 55 
-32 -46 -64 
-9 -27 55 
-24 34 -41 
-5 -6 57 
-14 15 -43 
-3 9 -50 
-17 50 -62 
-50 -52 56 
6 37 -60 
-23 -48 -57 
1 -47 59 
-8 -37 65 
4 5 7 
-22 37 39 
36 -49 -57 
14 22 61 
31 52 -56 
-50 62 -69 
-21 55 -63 
13 -30 61 
12 63 67 
7 -14 -32 
-11 30 56 
-12 -15 62 
8 29 -52 
20 -46 52 
-6 65 69 
-2 29 -32 
-24 28 48 
20 21 67 
46 51 63 
19 -28 54 
30 -36 62 
4 47 57 
-7 -58 -69 
-26 -55 68 
19 30 35 
9 -12 55 
-2 30 69 
57 -58 -64 
23 27 -67 
10 -19 -69 
12 -24 25 
11 30 54 
1 -26 65 
14 -24 43 
9 -16 -35 
-17 -39 -60 
-41 -46 54 
27 44 -58 
17 -51 -62 
-18 53 -70 
-8 37 -44 
-40 -51 55 
-11 30 61 
38 54 63 
3 54 -64 
-9 -30 -49 
21 24 -63 
-21 41 44 
6 24 54 
-22 63 -65 
-19 -30 -31 
-5 42 -56 
-16 19 29 
-48 64 -67 
13 -22 66 
-3 -18 29 
-20 34 -39 
-6 -9 59 
-10 -37 -60 
-5 44 -53 
28 50 -63 
5 -28 -47 
-9 17 39 
10 23 -61 
-17 22 41 
-36 42 69 
-33 -46 -62 
-15 -39 -62 
-15 -29 -63 
-21 -45 55 
-26 -35 -64 
-34 48 49 
-12 30 36 
-11 -17 56 
2 -38 -44 
7 -26 51 
-15 28 45 
-2 41 -52 
25 39 -46 
19 44 -68 
-25 44 -68 
-28 54 66 
-12 47 52 
7 -33 39 
3 -17 -41 
-20 23 58 
4 -32 66 
10 14 -33 
-7 57 58 
38 -50 53 
-4 -21 45 
-55 57 -64 
29 -37 -41 
-10 -20 48 
-5 7 -47 
-1 14 69 
-31 49 69 
-16 53 69 
3 12 -21 
13 53 -56 
-29 51 -67 
35 41 42 
-19 56 -57 
8 57 59 
-25 -65 -69 
-1 7 -42 
18 -40 -58 
-10 -39 -57 
-25 61 -69 
-24 25 58 
-40 -45 60 
-26 28 -47 
-10 17 -37 
8 20 46 
-43 -56 -69 
18 25 -49 
51 -53 -69 
-3 -24 48 
13 36 -45 
-7 65 -67 
-6 29 57 
-9 -52 62 
-11 -41 45 
-8 17 33 
5 30 64 
2 -32 -53 
1 -40 70 
-4 -48 54 
-38 60 68 
-7 -20 -21 
-14 39 61 
-15 56 -58 
-13 56 67 
-21 50 -54 
26 -28 58 
-7 40 -41 
38 43 62 
26 -40 -60 
-41 -53 55 
-23 27 68 
19 21 55 
-6 7 -63 
-8 -43 -59 
-17 -45 61 
15 16 42 
5 -32 69 
-21 -30 63 
-34 -40 -51 
25 38 -44 
8 9 -22 
33 -49 -60 
21 -49 54 
-2 -5 -22 
-31 35 64 
-9 21 -57 
25 46 50 
25 -27 -41 
-28 -42 51 
-5 -44 69 
27 31 -60 
13 -36 -62 
-2 -14 -18 
-23 -26 -34 
2 48 -69 
2 -3 -42 
4 52 -53 
-5 -19 -38 
-15 -52 -55 
-17 -28 -51 
-16 -41 -54 
-7 -17 52 
-1 24 -38 
-46 -50 -59 
53 64 -67 
11 -35 -38 
12 46 50 
-1 36 -48 
-17 -48 -66 
2 -24 -26 
39 45 -56 
-26 -44 54 
-9 30 -67 
7 9 67 
-19 65 70 
1 41 -60 
-25 63 -64 
-15 -47 -51 
-20 42 45 
13 22 46 
-13 -14 -50 
21 26 37 
4 -58 65 
-36 -40 -47 
9 29 35 
-41 57 63 
-27 28 46 
12 -17 24 
10 -11 34 
-51 62 63 
-40 -53 62 
27 -40 41 
-34 40 60 
13 -18 25 
23 -37 68 
42 -52 67 
2 4 -61 
37 -50 56 
-5 7 45 
-11 -17 20 
20 -62 65 
-1 -40 45 
-4 10 -33 
28 33 51 
-19 -31 55 
-8 20 -44 
-25 -44 68 
-1 15 -23 
12 61 62 
-10 28 61 
1 5 65 
-8 -33 60 
14 44 52 
8 -35 -70 
8 27 52 
-11 -53 64 
22 33 -44 
2 -17 56 
30 36 45 
13 64 -70 
1 -25 58 
31 34 59 
-31 65 67 
-8 -14 43 
26 42 70 
12 21 -23 
-9 -11 -20 
-7 -23 57 
-22 -37 -58 
25 -38 39 
7 -60 -70 
-4 -5 -68 
25 -28 -42 
-2 24 -43 
-42 -43 -49 
-9 12 47 
-42 -59 62 
-6 -39 -62 
24 -50 -59 
-11 -25 66 
35 -49 -70 
-14 45 -57 
16 36 -61 
21 39 -51 
-17 -20 51 
13 28 68 
-26 45 69 
-14 -21 -36 
-7 -20 67 
34 58 -66 
-24 27 68 
1 -7 -36 
2 28 -68 
-1 -37 66 
18 -39 63 
-36 53 60 
-3 -64 -68 
-1 -28 -64 
-50 -57 -61 
-3 37 -69 
39 -52 -69 
-25 -51 69 
5 12 49 
25 -36 66 
-31 52 57 
3 -17 20 
-28 49 -57 
32 41 69 
-9 32 -44 
-14 31 -49 
43 -55 -67 
3 29 47 
-6 41 -70 
-24 -56 -58 
7 -16 -37 
-2 3 55 
23 -58 64 
15 -43 61 
3 44 69 
-36 -58 65 
-2 -37 68 
-2 -30 -36 
19 20 -48 
8 -32 69 
-13 16 35 
-39 65 66 
-49 51 -59 
10 -50 -66 
-15 -17 -66 
-4 -55 -60 
34 -60 66 
-9 24 52 
