1 10 19 
17 -20 -24 
-13 -28 29 
-15 -20 -28 
-4 5 -15 
3 -16 -17 
8 24 29 
-11 24 -27 
-6 7 -21 
12 -25 -27 
2 -19 -23 
11 -17 -29 
-3 -16 -17 
-11 13 -17 
-4 -11 20 
-5 -7 -9 
14 18 -28 
-8 22 -29 
-2 -9 -19 
4 -8 11 
24 -26 -28 
4 -18 -22 
7 -8 -16 
1 18 -29 
6 21 26 
7 -18 23 
7 -9 -23 
9 10 22 
15 -23 26 
4 17 24 
-12 -19 26 
-14 16 -24 
3 17 -19 
13 -16 27 
6 22 -26 
-11 19 -24 
-4 -24 -27 
3 5 -11 
-5 12 25 
2 -5 17 
-6 11 25 
-1 -18 -29 
-18 21 -25 
-8 -17 -27 
13 14 -19 
12 20 21 
1 -16 21 
-11 -24 -26 
10 -20 21 
1 13 24 
-14 -17 -28 
-13 14 -22 
-1 18 22 
-7 22 30 
8 -20 -23 
15 17 20 
3 -22 -27 
-12 -22 23 
4 -12 -29 
6 -7 -16 
1 14 -29 
-8 27 -29 
22 25 -30 
-3 -22 -24 
-17 -25 -30 
2 11 -25 
-18 20 28 
-11 24 28 
-11 -13 -25 
4 -5 7 
2 9 30 
3 -8 9 
-8 15 28 
-10 -18 25 
-3 -13 -29 
-10 23 -26 
-4 21 28 
6 -18 23 
-4 7 12 
19 20 -23 
13 18 23 
-5 15 -18 
-1 8 23 
-3 -7 20 
