-26 -35 -64 
-34 48 49 
-12 30 36 
-11 -17 56 
2 -38 -44 
7 -26 51 
-15 28 45 
-2 41 -52 
25 39 -46 
19 44 -68 
-25 44 -68 
-28 54 66 
-12 47 52 
7 -33 39 
3 -17 -41 
-20 23 58 
4 -32 66 
10 14 -33 
-7 57 58 
38 -50 53 
-4 -21 45 
-55 57 -64 
29 -37 -41 
-10 -20 48 
-5 7 -47 
-1 14 69 
-31 49 69 
-16 53 69 
3 12 -21 
13 53 -56 
-29 51 -67 
35 41 42 
-19 56 -57 
8 57 59 
-25 -65 -69 
-1 7 -42 
18 -40 -58 
-10 -39 -57 
-25 61 -69 
-24 25 58 
-40 -45 60 
-26 28 -47 
-10 17 -37 
8 20 46 
-43 -56 -69 
18 25 -49 
51 -53 -69 
-3 -24 48 
13 36 -45 
-7 65 -67 
-6 29 57 
-9 -52 62 
-11 -41 45 
-8 17 33 
5 30 64 
2 -32 -53 
1 -40 70 
-4 -48 54 
-38 60 68 
-7 -20 -21 
-14 39 61 
-15 56 -58 
-13 56 67 
-21 50 -54 
26 -28 58 
-7 40 -41 
38 43 62 
26 -40 -60 
-41 -53 55 
-23 27 68 
19 21 55 
-6 7 -63 
-8 -43 -59 
-17 -45 61 
15 16 42 
5 -32 69 
-21 -30 63 
-34 -40 -51 
25 38 -44 
8 9 -22 
33 -49 -60 
21 -49 54 
-2 -5 -22 
-31 35 64 
-9 21 -57 
25 46 50 
25 -27 -41 
-28 -42 51 
-5 -44 69 
27 31 -60 
13 -36 -62 
-2 -14 -18 
-23 -26 -34 
2 48 -69 
2 -3 -42 
4 52 -53 
-5 -19 -38 
-15 -52 -55 
-17 -28 -51 
-16 -41 -54 
-7 -17 52 
-1 24 -38 
-46 -50 -59 
53 64 -67 
11 -35 -38 
12 46 50 
-1 36 -48 
-17 -48 -66 
2 -24 -26 
39 45 -56 
-26 -44 54 
-9 30 -67 
7 9 67 
-19 65 70 
1 41 -60 
-25 63 -64 
-15 -47 -51 
-20 42 45 
13 22 46 
-13 -14 -50 
21 26 37 
4 -58 65 
-36 -40 -47 
9 29 35 
-41 57 63 
-27 28 46 
12 -17 24 
10 -11 34 
-51 62 63 
-40 -53 62 
27 -40 41 
-34 40 60 
13 -18 25 
23 -37 68 
42 -52 67 
2 4 -61 
37 -50 56 
-5 7 45 
-11 -17 20 
20 -62 65 
-1 -40 45 
-4 10 -33 
28 33 51 
-19 -31 55 
-8 20 -44 
-25 -44 68 
-1 15 -23 
12 61 62 
-10 28 61 
1 5 65 
-8 -33 60 
14 44 52 
8 -35 -70 
8 27 52 
-11 -53 64 
22 33 -44 
2 -17 56 
30 36 45 
13 64 -70 
1 -25 58 
31 34 59 
-31 65 67 
-8 -14 43 
26 42 70 
12 21 -23 
-9 -11 -20 
-7 -23 57 
-22 -37 -58 
25 -38 39 
7 -60 -70 
-4 -5 -68 
25 -28 -42 
-2 24 -43 
-42 -43 -49 
-9 12 47 
-42 -59 62 
-6 -39 -62 
24 -50 -59 
-11 -25 66 
35 -49 -70 
-14 45 -57 
16 36 -61 
21 39 -51 
-17 -20 51 
13 28 68 
-26 45 69 
-14 -21 -36 
-7 -20 67 
34 58 -66 
-24 27 68 
1 -7 -36 
2 28 -68 
-1 -37 66 
18 -39 63 
-36 53 60 
-3 -64 -68 
-1 -28 -64 
-50 -57 -61 
-3 37 -69 
39 -52 -69 
-25 -51 69 
5 12 49 
25 -36 66 
-31 52 57 
3 -17 20 
-28 49 -57 
32 41 69 
-9 32 -44 
-14 31 -49 
43 -55 -67 
3 29 47 
-6 41 -70 
-24 -56 -58 
7 -16 -37 
-2 3 55 
23 -58 64 
15 -43 61 
3 44 69 
-36 -58 65 
-2 -37 68 
-2 -30 -36 
19 20 -48 
8 -32 69 
-13 16 35 
-39 65 66 
-49 51 -59 
10 -50 -66 
-15 -17 -66 
-4 -55 -60 
34 -60 66 
-9 24 52 
-60 -63 66 
12 -29 -68 
-17 -30 -67 
-36 40 -70 
-29 43 65 
51 54 -66 
56 59 60 
2 33 -67 
-3 -19 -70 
19 48 -62 
-21 22 -49 
-4 12 -21 
17 -30 70 
-23 36 -50 
-3 28 36 
29 48 50 
-1 23 -41 
-8 -15 -38 
-1 -23 37 
-1 25 -69 
1 -40 -65 
-12 47 61 
-3 19 48 
-21 -43 48 
1 4 26 
-8 -32 -49 
-49 -53 61 
-41 -46 -66 
5 18 51 
-32 40 62 
15 34 39 
26 40 51 
-24 49 -57 
37 -41 -55 
-9 21 58 
2 -6 55 
-25 -31 -61 
-33 37 49 
45 -56 58 
28 47 62 
28 44 -53 
48 57 69 
-2 -63 67 
21 -37 53 
-7 25 -35 
7 -34 -52 
-14 60 69 
-5 -7 -32 
-39 -42 44 
-35 42 47 
-1 -33 44 
-27 33 -47 
-32 -43 -53 
49 51 -65 
21 46 53 
-25 30 -42 
31 -38 50 
-44 -56 62 
-16 -42 -64 
5 -8 -11 
42 -49 56 
2 42 64 
-7 31 -35 
21 -24 -37 
-21 31 -48 
-28 -42 -58 
-1 -32 -52 
-20 -51 53 
-12 -31 45 
28 -38 -52 
32 37 -38 
-20 -30 -51 
20 -22 -70 
28 58 -67 
30 -36 -49 
20 -32 -58 
-22 -38 39 
-19 -60 -69 
-9 -21 -69 
-23 44 -66 
8 16 67 
10 22 42 
25 -46 53 
14 -44 -52 
-12 29 -50 
46 -47 -64 
-23 29 70 
3 33 41 
-6 -14 -44 
14 41 55 
42 -44 -57 
43 -50 53 
-64 -67 69 
10 44 -52 
-36 -44 -66 
-23 40 45 
18 34 -45 
-14 -19 -51 
-28 -38 44 
4 -24 56 
24 50 -51 
22 -28 -57 
-52 53 70 
-13 -63 -64 
3 28 -52 
5 11 60 
-15 -30 -63 
-39 -56 -62 
7 16 23 
-24 -39 -43 
-12 61 -65 
-18 -50 -56 
3 38 51 
-19 -23 70 
39 59 -69 
-3 -35 66 
6 14 -54 
-9 -25 66 
18 47 66 
18 22 26 
-13 47 48 
5 -19 65 
-5 17 25 
2 16 -33 
-13 -53 55 
-18 19 -44 
6 -12 53 
33 -39 58 
-5 -35 56 
-35 -49 58 
-16 -31 48 
10 33 34 
-5 -14 -26 
17 -32 -41 
6 -18 46 
30 -50 61 
5 -48 -60 
-33 58 -62 
32 37 -44 
-1 -29 42 
-3 -38 64 
19 54 -65 
-24 -25 43 
6 8 46 
2 -27 37 
19 -44 58 
29 -32 -56 
-13 26 52 
15 18 -68 
35 -45 -53 
-38 59 -60 
-17 32 -54 
-16 -30 -62 
32 -38 69 
14 68 -69 
-39 49 -50 
-12 -34 45 
-5 13 -37 
-1 28 -33 
-24 -32 -65 
33 37 -68 
19 27 30 
-17 -22 64 
-42 -46 -64 
-6 29 41 
-6 10 -58 
-15 32 -64 
8 -54 -59 
7 -59 -66 
19 27 -66 
-28 -41 -43 
-3 -16 -32 
2 -7 -15 
-10 -55 -57 
-17 49 67 
18 -34 -58 
-5 21 -23 
48 -49 -62 
9 -16 -52 
30 57 64 
-1 -46 58 
-16 46 56 
-50 -58 62 
-9 18 -60 
34 40 -47 
-4 -31 -46 
-37 54 -62 
5 -25 30 
-38 54 -65 
29 -37 -69 
-49 -60 -62 
8 16 17 
-38 -50 -67 
-1 46 -56 
-19 -59 67 
24 29 57 
