-20 -21 27 
2 4 29 
-1 -8 18 
-7 -14 23 
-13 19 -23 
1 -4 -20 
1 -15 28 
2 -18 -21 
26 27 -29 
2 -22 24 
13 -14 15 
-4 7 -20 
5 -12 -19 
-2 4 -21 
-5 -8 25 
2 -4 12 
12 -21 -23 
15 -20 -30 
1 10 29 
19 22 -27 
3 7 -23 
-5 12 -17 
-3 9 11 
1 -4 6 
-3 -4 17 
7 -17 25 
-5 -16 22 
-2 -11 22 
-5 11 -28 
-1 -2 -27 
1 5 11 
-1 -14 24 
-6 9 12 
2 15 -19 
20 -27 28 
9 -10 21 
-16 22 26 
6 -9 -22 
-6 16 30 
-5 19 26 
15 -22 23 
-15 -17 18 
-20 22 -30 
2 9 22 
-12 14 -20 
5 13 20 
8 -22 29 
-5 14 -23 
-6 9 -16 
8 -20 -27 
10 -17 19 
-14 -27 30 
-6 -7 23 
-2 17 26 
13 -15 26 
-1 21 25 
10 13 25 
-8 18 -30 
-11 -23 -27 
6 16 -22 
2 7 18 
9 10 -17 
-1 -11 -20 
