-18 -21 -25 
14 18 22 
-12 -17 25 
13 -23 -30 
5 9 13 
-1 -27 -28 
8 -16 23 
9 -16 18 
2 -3 -19 
1 19 -29 
-2 5 12 
12 -25 -29 
-8 10 -25 
2 19 -20 
12 -24 26 
4 -13 29 
11 16 18 
-6 -15 -19 
3 -9 22 
-15 18 24 
10 -16 -22 
-8 11 27 
3 -8 -18 
-3 -9 -19 
2 17 22 
-14 -18 22 
1 11 -16 
-5 -9 24 
-14 18 27 
-6 -8 -25 
1 10 19 
17 -20 -24 
-13 -28 29 
-15 -20 -28 
-4 5 -15 
3 -16 -17 
8 24 29 
-11 24 -27 
-6 7 -21 
12 -25 -27 
2 -19 -23 
11 -17 -29 
-3 -16 -17 
-11 13 -17 
-4 -11 20 
-5 -7 -9 
14 18 -28 
-8 22 -29 
-2 -9 -19 
4 -8 11 
24 -26 -28 
4 -18 -22 
7 -8 -16 
1 18 -29 
6 21 26 
7 -18 23 
7 -9 -23 
9 10 22 
15 -23 26 
4 17 24 
-12 -19 26 
-14 16 -24 
3 17 -19 
13 -16 27 
6 22 -26 
-11 19 -24 
-4 -24 -27 
3 5 -11 
-5 12 25 
