2 33 -67 
-3 -19 -70 
19 48 -62 
-21 22 -49 
-4 12 -21 
17 -30 70 
-23 36 -50 
-3 28 36 
29 48 50 
-1 23 -41 
-8 -15 -38 
-1 -23 37 
-1 25 -69 
1 -40 -65 
-12 47 61 
-3 19 48 
-21 -43 48 
1 4 26 
-8 -32 -49 
-49 -53 61 
-41 -46 -66 
5 18 51 
-32 40 62 
15 34 39 
26 40 51 
-24 49 -57 
37 -41 -55 
-9 21 58 
2 -6 55 
-25 -31 -61 
-33 37 49 
45 -56 58 
28 47 62 
28 44 -53 
48 57 69 
-2 -63 67 
21 -37 53 
-7 25 -35 
7 -34 -52 
-14 60 69 
-5 -7 -32 
-39 -42 44 
-35 42 47 
-1 -33 44 
-27 33 -47 
-32 -43 -53 
49 51 -65 
21 46 53 
-25 30 -42 
31 -38 50 
-44 -56 62 
-16 -42 -64 
5 -8 -11 
42 -49 56 
2 42 64 
-7 31 -35 
21 -24 -37 
-21 31 -48 
-28 -42 -58 
-1 -32 -52 
-20 -51 53 
-12 -31 45 
28 -38 -52 
32 37 -38 
-20 -30 -51 
20 -22 -70 
28 58 -67 
30 -36 -49 
20 -32 -58 
-22 -38 39 
-19 -60 -69 
-9 -21 -69 
-23 44 -66 
8 16 67 
10 22 42 
25 -46 53 
14 -44 -52 
-12 29 -50 
46 -47 -64 
-23 29 70 
3 33 41 
-6 -14 -44 
14 41 55 
42 -44 -57 
43 -50 53 
-64 -67 69 
10 44 -52 
-36 -44 -66 
-23 40 45 
18 34 -45 
-14 -19 -51 
-28 -38 44 
4 -24 56 
24 50 -51 
22 -28 -57 
-52 53 70 
-13 -63 -64 
3 28 -52 
5 11 60 
-15 -30 -63 
-39 -56 -62 
7 16 23 
-24 -39 -43 
-12 61 -65 
-18 -50 -56 
3 38 51 
-19 -23 70 
39 59 -69 
-3 -35 66 
6 14 -54 
-9 -25 66 
18 47 66 
18 22 26 
-13 47 48 
5 -19 65 
-5 17 25 
2 16 -33 
-13 -53 55 
-18 19 -44 
6 -12 53 
33 -39 58 
-5 -35 56 
-35 -49 58 
-16 -31 48 
10 33 34 
-5 -14 -26 
17 -32 -41 
6 -18 46 
30 -50 61 
5 -48 -60 
-33 58 -62 
32 37 -44 
-1 -29 42 
-3 -38 64 
19 54 -65 
-24 -25 43 
6 8 46 
2 -27 37 
19 -44 58 
29 -32 -56 
-13 26 52 
15 18 -68 
35 -45 -53 
-38 59 -60 
-17 32 -54 
-16 -30 -62 
32 -38 69 
14 68 -69 
-39 49 -50 
-12 -34 45 
-5 13 -37 
-1 28 -33 
-24 -32 -65 
33 37 -68 
19 27 30 
-17 -22 64 
-42 -46 -64 
-6 29 41 
-6 10 -58 
-15 32 -64 
8 -54 -59 
7 -59 -66 
19 27 -66 
-28 -41 -43 
-3 -16 -32 
2 -7 -15 
-10 -55 -57 
-17 49 67 
18 -34 -58 
-5 21 -23 
48 -49 -62 
9 -16 -52 
30 57 64 
-1 -46 58 
-16 46 56 
-50 -58 62 
-9 18 -60 
34 40 -47 
-4 -31 -46 
-37 54 -62 
5 -25 30 
-38 54 -65 
29 -37 -69 
-49 -60 -62 
8 16 17 
-38 -50 -67 
-1 46 -56 
-19 -59 67 
24 29 57 
-5 11 35 
-11 -26 -48 
45 -56 -57 
32 -34 45 
-36 51 -61 
-8 -25 -28 
-27 -45 48 
-26 38 -54 
-14 -34 38 
-24 50 59 
24 43 44 
-47 -54 -63 
17 -48 -64 
33 -40 -44 
-15 60 65 
2 32 -45 
34 46 -49 
21 -36 -43 
-28 -48 -57 
-16 24 -64 
-2 -22 -43 
22 -25 -64 
18 -34 59 
8 29 -52 
-43 59 60 
21 -23 59 
-2 42 70 
10 -61 70 
