12 -56 -62 
35 -46 48 
15 47 -50 
-40 -61 68 
1 6 -60 
-11 33 56 
32 -45 59 
4 -5 45 
15 22 -69 
16 31 60 
8 -58 -70 
-20 -43 -44 
24 48 67 
42 50 -68 
24 -53 64 
-13 -33 -62 
20 -21 -26 
-10 -44 -52 
4 -41 -59 
-49 -65 -70 
14 54 61 
2 -31 -37 
6 -10 -45 
35 -45 60 
-4 12 -34 
2 -22 -59 
21 -60 62 
-33 43 -54 
-1 21 35 
16 -24 28 
10 -24 -53 
-44 -50 68 
-20 60 -62 
36 -55 64 
-14 15 -25 
-18 67 68 
37 38 47 
31 -35 62 
-19 42 -70 
-17 -27 59 
-27 44 65 
-17 -30 -47 
2 21 63 
-19 -28 -37 
20 -54 -65 
-26 -40 69 
-18 62 -68 
13 -34 -40 
7 -47 49 
-3 -35 -36 
27 -32 -59 
1 16 -47 
59 -60 65 
-3 -14 -55 
-59 -63 -64 
-3 9 63 
14 53 -55 
-17 29 69 
27 -52 -64 
6 -44 -48 
38 -60 -67 
-37 54 55 
-8 -10 42 
3 54 56 
4 -12 63 
23 -30 -32 
21 58 62 
3 -23 25 
-20 53 -69 
36 44 -52 
-26 31 -47 
5 8 26 
19 -34 -39 
53 59 60 
18 33 52 
-12 -46 57 
-4 -38 51 
36 40 -44 
-19 -23 -70 
44 50 -60 
2 27 -55 
-12 17 58 
6 10 -30 
-23 -43 -47 
-7 22 43 
4 -21 25 
-5 -12 56 
8 -27 -35 
17 46 58 
-42 -47 -67 
15 29 50 
7 21 60 
25 26 55 
-27 30 -63 
4 46 51 
-3 -10 15 
-28 50 -67 
3 -20 -62 
-5 -58 64 
46 -47 54 
-1 22 -49 
-6 16 -68 
-3 -38 59 
33 38 -51 
21 33 34 
-27 -45 57 
5 -6 -32 
-2 -29 -41 
5 -6 -41 
6 -34 -53 
9 23 -30 
7 21 -51 
16 -45 -54 
5 8 12 
-3 -34 55 
-6 -34 67 
2 11 55 
-10 51 -65 
-42 -49 63 
37 54 70 
-37 43 -55 
-14 -26 37 
27 50 52 
-5 -52 61 
-57 61 65 
-24 -26 50 
-3 21 -34 
44 50 57 
26 -34 45 
23 -32 54 
-1 -2 32 
18 -39 -47 
-6 -20 38 
13 -30 -42 
47 -49 -58 
8 22 43 
28 -34 -35 
-3 -14 -31 
-17 -38 47 
-8 -9 -13 
16 34 -45 
-31 34 66 
-10 -28 58 
3 -23 35 
3 9 -66 
15 -23 70 
24 -29 -56 
13 25 48 
-7 8 27 
-48 51 63 
28 37 -48 
-8 27 -54 
-7 29 52 
15 -25 -26 
-30 -42 -45 
-6 40 65 
22 -31 47 
-39 56 -66 
-25 -51 59 
-41 -55 61 
-31 -55 -56 
-29 -35 37 
2 -31 49 
18 -22 67 
-13 57 58 
1 6 41 
-7 10 32 
2 5 -51 
4 29 45 
32 37 -59 
1 -2 -46 
17 48 -64 
-3 -48 -57 
2 14 -22 
-2 -12 37 
-9 -44 66 
32 -46 -64 
-9 -20 -69 
4 -14 -47 
-2 25 -62 
20 26 -29 
-27 61 66 
-12 -14 -42 
37 60 62 
5 30 -33 
-3 19 53 
7 49 63 
10 -15 18 
-17 29 66 
7 39 -43 
39 -49 56 
-2 -37 -42 
14 41 -53 
1 14 23 
-1 22 66 
-28 -54 -69 
-12 -45 -49 
6 8 67 
-39 -53 -68 
21 66 70 
17 -51 55 
-34 -65 -68 
-20 44 -45 
-2 -15 22 
-13 -55 -65 
4 -17 23 
-5 59 -65 
12 -21 54 
9 -10 55 
2 -48 56 
-2 -60 -63 
-35 37 40 
-22 38 -65 
22 -36 50 
-9 -41 -48 
-2 47 -51 
-28 42 46 
-39 47 67 
7 21 36 
-41 49 67 
7 -50 -55 
12 49 64 
-3 -27 -42 
24 -36 -51 
6 -26 59 
1 11 -42 
-50 -61 -68 
-10 -24 39 
19 -24 43 
-2 -6 -37 
14 -41 65 
-3 50 -52 
-29 41 -48 
10 63 -70 
-10 51 -53 
24 -31 59 
4 32 57 
3 21 -41 
-15 40 -47 
23 -47 -58 
27 -31 43 
3 42 -45 
3 13 -46 
1 -36 57 
-4 -15 -27 
28 -53 58 
10 12 -61 
12 22 -47 
-12 -54 -60 
10 54 57 
-2 -12 -32 
-8 -23 41 
17 -28 37 
38 -49 57 
-32 -45 -48 
-8 48 61 
50 -53 -69 
-2 13 -26 
26 62 -67 
15 -59 -64 
4 13 60 
-47 -53 57 
-7 22 63 
-9 24 -26 
-1 -44 -54 
-1 -27 70 
-14 -26 54 
17 19 -68 
-30 42 -70 
15 32 52 
-10 12 65 
-12 -43 -64 
-32 -63 -69 
28 52 59 
-34 40 42 
8 -53 -63 
-41 49 -57 
16 -38 55 
-55 -61 64 
27 -46 -57 
17 -29 -56 
-12 -53 -65 
14 38 -50 
-7 38 41 
26 51 58 
46 49 -69 
41 -55 70 
17 18 34 
-30 33 -68 
-8 -29 41 
34 -47 55 
-5 -44 66 
20 -40 -69 
7 48 68 
12 -53 68 
-18 42 46 
4 -62 64 
3 6 69 
8 -28 -30 
-20 35 -64 
31 60 -69 
-8 -31 41 
25 -48 65 
1 -7 57 
10 -17 -36 
1 -10 -34 
54 68 -70 
-1 -4 -17 
1 -53 -57 
4 25 -54 
21 -60 70 
6 10 34 
28 33 49 
11 42 -61 
-8 -28 -38 
-36 50 61 
18 32 64 
7 28 -46 
11 12 24 
-14 37 -39 
8 33 41 
-53 62 -69 
1 -8 23 
43 -50 64 
13 36 -46 
14 44 -55 
6 52 70 
-2 11 48 
-3 9 -70 
-17 39 52 
-15 -34 -41 
-3 26 32 
8 18 -28 
-26 48 55 
-34 45 -61 
11 -23 -35 
-18 52 -65 
-6 -11 49 
20 32 -68 
13 -43 52 
-8 -16 -63 
-6 -10 51 
11 25 65 
3 -20 -31 
-3 -40 -42 
1 -68 -70 
38 -58 -62 
-11 35 -57 
19 41 -51 
11 36 55 
-7 17 -27 
15 -45 -70 
12 -26 -39 
-16 35 60 
5 19 -56 
-2 -31 32 
-4 -35 52 
-1 3 -64 
27 -56 -69 
-18 -28 -56 
24 40 -54 
13 45 70 
-47 -58 64 
-13 -21 24 
23 45 -53 
-7 -33 -41 
-20 22 -58 
-27 35 62 
15 28 30 
5 57 67 
41 53 -69 
20 -42 -43 
54 -60 69 
32 44 63 
3 -7 48 
-27 -58 -67 
-36 49 -64 
28 -55 -59 
-17 -42 48 
7 51 -64 
-24 -25 57 
-8 12 56 
25 40 -50 
10 -23 49 
12 -15 -64 
22 34 -62 
-30 -41 57 
-11 53 -61 
-15 -50 67 
-13 30 -53 
-32 50 53 
24 -44 66 
-16 -32 -68 
-31 -58 -67 
-7 -27 37 
23 56 -61 
-14 -19 -26 
1 16 61 
-22 -61 63 
45 -46 48 
13 46 56 
-28 -33 -48 
17 28 59 
-14 -31 38 
11 22 -62 
13 28 -54 
4 34 -67 
-28 37 -45 
-17 52 -69 
14 -26 -66 
-20 -22 42 
-13 -29 36 
-4 11 33 
-7 45 56 
11 -67 69 
-29 35 62 
30 39 59 
15 -23 -44 
1 -33 48 
19 -32 -52 
-14 -23 29 
-19 26 -59 
16 -22 -70 
29 -31 -53 
30 37 -46 
15 16 -57 
39 -43 66 
16 24 35 
13 -62 -63 
-7 -15 -57 
23 -64 70 
12 -54 -56 
-11 23 70 
6 -8 30 
19 31 59 
-13 17 -29 
5 -12 68 
-15 -28 67 
5 -11 -26 
5 -19 -65 
30 -49 61 
23 37 -51 
-5 -42 67 
-11 26 53 
-4 25 -50 
-21 22 55 
-41 -44 -69 
-19 40 -42 
