-21 30 37 
18 -26 -50 
-3 -7 50 
-13 14 43 
6 -14 -43 
-7 -14 48 
-9 -31 36 
-5 -42 -47 
-10 25 43 
8 -27 34 
8 -17 -23 
-6 -19 -47 
7 -25 -49 
-10 28 32 
6 34 -38 
12 -15 37 
-28 -41 -50 
-20 -32 -48 
-14 -45 46 
-21 -25 -40 
2 7 -37 
2 -7 29 
2 35 -47 
-22 -24 -38 
-13 15 31 
3 20 -24 
29 38 -43 
19 -23 -40 
8 -20 -33 
-14 -20 47 
-7 10 -34 
-30 -40 -50 
1 -24 49 
18 42 43 
-6 -9 34 
6 29 32 
-4 6 -13 
20 -21 -22 
13 -18 -34 
4 21 -28 
6 -13 24 
-25 -26 41 
-6 -10 -27 
26 32 38 
2 11 -15 
-12 -13 -35 
-5 -8 43 
-4 -15 -47 
-17 -21 29 
-21 27 -49 
-2 32 -43 
2 -31 -50 
-13 -34 36 
22 23 32 
3 -4 24 
-25 -38 -45 
-32 -37 40 
-10 -19 22 
19 28 -42 
5 -27 36 
-43 44 -48 
-11 -23 41 
7 -12 15 
29 -31 42 
-14 33 -49 
-13 18 -42 
39 44 48 
11 -14 -29 
-1 -40 48 
-7 -25 27 
20 25 -48 
7 25 31 
20 28 -35 
-1 30 45 
6 13 -42 
16 -31 -49 
23 -27 48 
14 41 50 
9 35 -42 
-4 31 41 
-9 31 -32 
-4 -29 49 
12 -29 32 
11 -33 44 
-3 -38 40 
-21 28 35 
7 -12 -29 
8 -11 36 
-18 20 44 
7 -8 -50 
-26 -42 46 
11 20 -40 
-15 -32 -35 
8 -27 36 
-5 -6 47 
7 -26 -49 
13 -23 -50 
5 37 40 
-22 -30 -33 
-2 35 44 
