-18 22 23 
-8 -9 -28 
10 -11 26 
-3 -14 -29 
-6 15 21 
6 -10 -16 
8 24 28 
-20 -21 -30 
-2 9 -14 
-18 -28 29 
-3 21 -29 
-6 8 13 
13 -17 22 
16 -26 -28 
-5 -11 -24 
-6 -15 -19 
13 18 -29 
4 25 -26 
6 12 -15 
13 16 22 
7 -10 13 
4 -9 -30 
4 -20 24 
-15 -16 29 
-20 -21 27 
2 4 29 
-1 -8 18 
-7 -14 23 
-13 19 -23 
1 -4 -20 
1 -15 28 
2 -18 -21 
26 27 -29 
2 -22 24 
13 -14 15 
-4 7 -20 
5 -12 -19 
-2 4 -21 
-5 -8 25 
2 -4 12 
12 -21 -23 
15 -20 -30 
1 10 29 
19 22 -27 
3 7 -23 
-5 12 -17 
-3 9 11 
1 -4 6 
-3 -4 17 
7 -17 25 
-5 -16 22 
-2 -11 22 
-5 11 -28 
-1 -2 -27 
1 5 11 
-1 -14 24 
-6 9 12 
2 15 -19 
20 -27 28 
9 -10 21 
