-1 -12 -18 
13 -18 30 
8 -16 21 
-10 -18 22 
-13 18 26 
-23 24 -25 
9 15 -29 
-18 27 29 
7 -24 -27 
1 -4 9 
-12 18 24 
-1 3 25 
5 8 24 
-6 -25 27 
-7 8 -28 
-8 -9 28 
-1 22 -26 
-11 -19 20 
-1 7 24 
-18 -22 -27 
3 -7 -23 
2 -10 -19 
1 -22 25 
-11 -17 21 
-4 -8 -18 
-5 9 15 
-9 -12 -28 
7 8 -28 
-8 9 -17 
1 3 -27 
4 -14 -27 
14 -20 -21 
17 25 30 
-4 -6 20 
7 14 27 
4 12 -20 
-9 12 27 
-2 7 -13 
11 12 -27 
-1 6 20 
-2 4 -11 
4 -11 28 
7 -9 12 
3 -13 27 
-2 18 -23 
-13 -15 19 
5 19 25 
16 19 26 
-11 18 -28 
4 -17 -22 
-5 -13 -21 
-5 13 16 
10 11 -13 
5 -9 -28 
-1 8 9 
-4 -17 -28 
19 -23 30 
6 -16 21 
5 6 28 
-2 -9 -29 
-13 -17 23 
-12 -14 15 
-6 14 25 
-9 12 -29 
-9 -10 -14 
-2 -16 -25 
4 -7 27 
10 21 23 
-7 21 -25 
-10 -25 26 
-5 -18 -21 
19 -22 24 
-19 24 30 
10 22 -29 
-5 -14 18 
10 -12 -14 
-3 7 17 
-9 -13 23 
1 7 29 
-12 -22 -30 
-10 -24 26 
-7 15 22 
-15 18 -26 
5 16 -27 
13 -25 -26 
-3 7 -30 
-12 14 29 
-13 17 -27 
2 3 -30 
9 19 24 
-10 11 25 
4 27 -30 
-2 -13 -30 
7 10 -17 
2 -11 21 
-4 -19 21 
-3 4 -15 
6 -21 28 
6 -9 -17 
-4 -17 25 
-3 19 -23 
-8 17 -22 
-6 7 -19 
-2 -7 -27 
-6 10 -17 
6 -21 -29 
6 7 -20 
-5 29 -30 
-3 7 16 
-4 -15 18 
11 16 20 
-2 17 -28 
1 2 -9 
12 -18 19 
-21 -27 29 
3 -17 -25 
-2 16 -21 
8 -12 18 
2 -23 -26 
16 -24 -26 
-7 -9 -18 
-18 21 27 
2 16 26 
1 -16 25 
6 -9 -23 
-14 18 29 
-2 22 26 
8 24 29 
3 -11 21 
12 -17 29 
-9 14 -20 
3 -15 -27 
-2 -12 -23 
15 20 27 
1 12 -13 
-4 26 -29 
-5 -16 -29 
-11 19 23 
4 -10 -21 
11 -12 -14 
-1 26 29 
-3 5 23 
-3 -5 -28 
16 17 23 
-2 21 -30 
-19 -25 26 
5 16 -18 
-1 11 -21 
-12 28 -30 
8 -12 30 
-1 5 28 
4 -15 -30 
-6 -10 11 
4 19 -27 
9 12 -16 
-5 -15 26 
-21 -24 -25 
-9 22 -28 
-6 -14 19 
4 -12 -21 
-14 20 -26 
-10 28 -30 
-21 -29 30 
20 -25 27 
15 19 -30 
-3 15 18 
-10 -18 22 
-17 23 25 
5 15 22 
3 -12 -28 
13 -23 25 
-10 -14 -21 
-3 9 30 
-6 -22 -29 
-7 -13 -25 
2 -17 -28 
-22 24 27 
21 27 -29 
-17 24 26 
13 -28 29 
-3 14 20 
3 -7 21 
7 -12 -30 
8 -20 29 
10 11 -16 
18 -19 -30 
-9 19 28 
16 -17 27 
5 -8 -12 
-4 -19 -26 
5 16 -22 
-3 -17 -20 
-2 -21 -29 
-5 8 -24 
13 27 -28 
