-17 -44 -50 
4 -32 33 
-13 -30 -49 
-4 -14 41 
37 45 -49 
41 -46 47 
1 -13 -36 
28 -39 40 
-28 -38 -43 
8 -43 44 
-14 -31 49 
8 18 -35 
-6 -41 -50 
9 -29 40 
-11 15 24 
15 39 44 
-2 26 28 
3 -33 42 
9 16 -50 
16 -17 -31 
-16 39 43 
-14 -18 19 
41 -47 48 
3 -4 16 
5 -24 33 
14 -17 -44 
-6 -14 40 
11 -20 -32 
-19 -27 29 
-10 -44 49 
-12 -13 -21 
-9 -34 -44 
17 21 -24 
-8 -33 45 
22 33 -48 
21 -25 33 
-21 32 33 
-5 -25 -48 
-15 -33 -35 
8 19 43 
-17 28 -49 
-23 42 43 
-11 20 -39 
5 10 23 
-44 48 -50 
19 37 -38 
-27 -30 -47 
-7 -16 44 
-17 25 -31 
7 25 37 
5 22 48 
-11 32 39 
-3 -17 18 
-18 -34 43 
23 33 47 
-2 -12 20 
5 11 -39 
10 -29 39 
12 20 -38 
15 23 24 
15 23 -28 
-13 21 -41 
17 26 37 
2 -15 -23 
9 -18 -34 
-1 13 27 
6 -8 -14 
-12 -16 -22 
7 -22 -35 
9 -35 -49 
15 25 29 
-23 -26 -29 
-19 -21 -45 
-21 -33 -48 
-22 -29 -45 
34 -44 -50 
-4 -33 49 
4 38 42 
-3 6 20 
16 -25 27 
20 35 -41 
-2 17 30 
-22 31 49 
27 49 50 
1 -21 36 
1 8 -17 
-13 24 29 
7 28 -39 
20 22 47 
2 39 -44 
7 12 -28 
7 -18 -27 
-12 25 -44 
-23 42 -48 
2 -17 20 
12 -13 -21 
-6 27 -47 
17 -18 -34 
-9 13 49 
-1 14 15 
12 -22 -26 
21 45 47 
19 36 47 
15 23 -40 
-21 -45 48 
-17 23 -31 
-2 10 18 
7 -25 -48 
-4 -29 48 
-12 -43 49 
7 -17 20 
-16 44 -48 
17 26 -50 
17 -23 48 
-10 32 -47 
10 -12 50 
-19 -27 37 
-19 -29 35 
-23 26 27 
9 -22 35 
-26 -31 43 
-25 37 48 
6 14 -44 
3 -45 49 
-16 -43 49 
-4 -38 45 
1 5 11 
15 -25 49 
-17 27 -49 
-39 -40 49 
-4 19 43 
4 10 -20 
21 43 -49 
-15 -31 -43 
-3 6 -8 
-7 32 47 
6 9 -41 
-5 7 -20 
20 -32 -37 
8 -38 -42 
14 -31 45 
-4 -45 -50 
-25 33 48 
-20 33 -45 
15 -18 -48 
10 -22 23 
3 -10 22 
-9 -27 -48 
-13 22 -42 
11 -30 47 
-4 -12 35 
-13 24 -47 
-5 -29 45 
4 -12 -35 
33 -43 -45 
18 -22 48 
5 39 46 
19 24 28 
-15 19 38 
6 7 -8 
7 22 49 
-16 -29 -45 
-7 27 47 
-7 37 -42 
-26 -33 -42 
18 26 50 
20 22 -38 
30 -44 50 
13 36 -50 
-11 -13 -18 
23 33 42 
13 -17 36 
-24 25 41 
-20 22 23 
-2 -12 -29 
1 2 12 
26 -32 43 
10 21 -47 
-13 14 -35 
-34 38 -44 
-1 -16 -30 
13 27 33 
4 28 -29 
-12 17 -29 
12 27 -48 
-3 28 35 
10 26 -41 
-9 20 -22 
1 23 -35 
3 -7 15 
4 9 -46 
5 -20 29 
20 34 45 
13 -16 -28 
-2 -7 -28 
-8 -21 49 
34 36 -42 
9 35 36 
5 -23 -25 
-25 -34 -45 
-23 25 -29 
23 -44 49 
28 -34 46 
7 -19 -21 
-13 25 -46 
18 -41 42 
4 10 -48 
21 46 49 
18 30 -41 
29 38 45 
41 -47 50 
-6 -28 50 
9 -31 -32 
24 -28 41 
-5 21 -45 
-1 -22 -34 
17 25 31 
3 -30 40 
-3 37 -44 
16 23 36 
22 -33 41 
3 -10 28 
19 29 -44 
-9 29 -35 
-11 -26 -50 
-2 -11 -21 
-31 33 -35 
-18 25 26 
28 32 -42 
29 37 -41 
8 -27 -32 
-4 -11 31 
9 38 -49 
8 -29 49 
4 -5 -17 
21 24 -37 
34 -36 45 
-6 12 -49 
12 22 31 
-1 25 -49 
1 -25 38 
-5 -17 38 
-11 23 30 
8 -13 16 
-3 21 -26 
-2 -24 30 
9 -29 -32 
-24 42 -46 
-12 -16 -31 
-6 10 -35 
-38 -47 48 
35 38 -46 
25 -27 50 
15 -16 -47 
-20 27 50 
-24 -30 34 
-32 37 49 
-14 -23 45 
14 19 21 
-3 -7 -39 
-21 -36 -43 
-15 24 40 
1 3 7 
-23 -37 41 
17 29 -50 
18 27 29 
-1 -11 21 
15 -19 43 
16 24 -50 
1 -8 -29 
-12 -19 47 
24 -39 -50 
29 43 -45 
8 -18 35 
-10 -13 -31 
16 40 49 
-4 -12 45 
24 -31 -38 
29 -32 45 
-27 41 44 
1 -26 48 
-21 27 -49 
10 -20 33 
-2 10 41 
-6 -17 -18 
-5 -10 -35 
-12 41 46 
-16 -17 -19 
16 -21 24 
4 28 40 
15 26 30 
-10 23 -32 
-25 -30 32 
-5 -10 34 
8 -18 37 
-24 -31 -46 
8 32 50 
1 -9 10 
-9 -41 -47 
-10 24 37 
-2 -34 35 
1 14 48 
-28 -33 -40 
-9 -25 -30 
-27 28 -47 
