5 12 -24 
3 -4 -16 
11 23 28 
5 13 -26 
9 -15 18 
-12 15 23 
-15 20 -28 
-13 23 25 
5 6 -28 
8 15 23 
9 21 29 
9 -10 -25 
4 10 -16 
-7 9 23 
-2 4 17 
10 18 -22 
-4 11 24 
-8 -15 16 
17 -28 -30 
2 -8 22 
-5 14 22 
2 9 30 
2 -7 25 
2 8 -16 
11 -23 24 
4 13 -22 
1 2 -6 
-5 -12 -23 
1 6 18 
7 20 -28 
5 25 -28 
-2 10 29 
7 14 -21 
-13 19 -23 
-9 11 26 
2 -22 -23 
-3 -5 16 
-2 -16 23 
-6 12 21 
6 -21 -26 
-10 11 -30 
-3 -10 -28 
16 -26 -28 
-9 -22 28 
-2 9 30 
-3 5 7 
16 -19 -25 
-7 -9 -17 
12 16 -21 
7 12 29 
-2 -23 26 
7 19 23 
-8 14 -20 
-4 6 -27 
-11 -12 -23 
-9 15 30 
4 14 20 
7 -21 28 
10 -11 20 
19 -22 23 
-10 13 30 
20 -23 28 
-1 3 18 
