-18 23 26 
-10 -22 -26 
12 -28 29 
8 -14 -17 
16 25 30 
-3 -5 8 
-14 15 17 
-10 13 -26 
-10 -26 -30 
-6 -13 21 
3 -16 -18 
12 -15 24 
-12 22 -24 
9 17 21 
-14 -21 -30 
-3 -25 -26 
-6 -7 23 
4 16 26 
5 16 -26 
-4 -12 24 
21 -23 -29 
-2 11 -25 
1 25 -26 
-4 22 27 
2 -4 -20 
-5 28 30 
-10 -20 28 
-14 -19 -26 
7 23 28 
-3 -7 -14 
3 6 17 
11 -14 24 
-4 -7 -30 
-6 -20 21 
-5 -20 -30 
7 -10 -18 
12 16 19 
6 9 -18 
7 -13 -14 
1 -6 -27 
-10 -21 26 
3 -12 19 
-6 -11 27 
-6 16 -29 
-8 -12 25 
6 20 -25 
4 14 -22 
8 9 21 
21 -28 29 
2 5 26 
-3 -5 -28 
1 -20 23 
-9 -19 -24 
11 -12 18 
-8 -17 -21 
-2 8 30 
-12 -18 -20 
15 -20 -21 
-2 -22 -30 
7 -13 30 
