-13 -21 22 
4 5 -10 
6 -12 -16 
-11 24 -28 
-4 -20 -24 
6 9 -20 
-2 16 23 
-12 -15 25 
14 -19 -30 
22 -24 -29 
5 12 -20 
4 -9 -27 
-4 -9 25 
-3 -10 25 
1 23 28 
-9 22 -24 
11 -14 22 
-10 23 -26 
-8 -21 28 
2 -16 -26 
-1 6 7 
-21 23 24 
2 -11 -24 
-10 17 22 
-2 20 -22 
3 -4 30 
11 -24 29 
-1 12 -19 
-18 -25 -29 
1 9 17 
-7 -9 15 
-3 -5 -22 
7 13 21 
4 6 -24 
-9 -17 -24 
-4 29 -30 
2 15 28 
6 -12 18 
-7 -16 -20 
5 11 -18 
-2 -9 -17 
-4 -6 -10 
19 27 30 
2 -9 -12 
-8 -13 17 
-11 -18 -28 
2 -12 -17 
-2 -8 -20 
-19 -22 -25 
12 -13 -19 
-9 -23 30 
2 -8 -18 
-1 16 19 
-12 19 30 
3 -17 -25 
-14 -24 30 
-20 25 26 
-1 19 30 
-12 -27 28 
8 20 -26 
20 -21 -23 
-1 8 11 
-2 -27 -30 
-15 -21 -23 
-7 -8 26 
-1 14 24 
-1 -3 -21 
14 22 -28 
-5 11 16 
6 7 18 
5 7 -29 
9 23 -24 
3 -4 -27 
-14 -18 27 
2 -12 18 
-18 -22 30 
-5 -10 -22 
-6 12 13 
-22 24 -29 
-15 21 -24 
-3 14 27 
23 26 30 
-4 -6 -12 
13 17 22 
-2 -10 27 
-12 15 29 
2 13 27 
1 -7 12 
-18 -26 29 
12 13 -19 
-12 13 -30 
-1 7 -21 
-6 -19 -30 
18 26 -30 
12 16 -23 
8 -16 22 
-2 -9 -21 
-9 -12 22 
-13 16 -21 
10 26 30 
4 10 -19 
-24 25 30 
-11 21 -30 
13 21 27 
-13 18 28 
-1 3 7 
-5 14 27 
-9 13 -15 
10 -18 -30 
3 -21 -26 
3 -15 -18 
-7 -18 27 
-6 10 20 
4 26 28 
-6 10 -11 
-11 -23 -28 
-11 13 25 
3 -8 11 
2 -8 13 
1 16 -20 
-3 -25 29 
-13 14 -23 
-6 28 30 
-2 11 -19 
2 15 -27 
-16 -18 -25 
-7 -14 -16 
4 8 20 
9 15 -24 
4 25 26 
-10 -24 28 
1 -6 -20 
-10 -19 -22 
-9 17 23 
-16 26 29 
-8 20 -22 
-18 -24 25 
-5 20 29 
-3 -11 -30 
-8 -17 28 
-2 -11 -26 
-2 7 11 
-5 6 7 
10 -11 -14 
-4 17 -21 
-5 -12 -19 
4 8 22 
18 -23 24 
-6 9 -22 
4 6 26 
-17 21 23 
-6 -15 29 
-3 18 -25 
-8 21 -28 
-2 -3 8 
7 -11 19 
-2 18 25 
-6 -25 -29 
13 15 -21 
-8 -15 -22 
-16 -17 25 
12 23 -25 
-2 7 -17 
-4 17 -26 
6 -9 22 
-4 -13 -20 
-19 -20 -25 
-22 24 -28 
-1 -5 -15 
9 13 -17 
-7 -28 29 
-11 -17 -20 
11 12 -19 
2 -24 -29 
-2 -12 -25 
10 -13 -28 
13 23 -28 
4 -26 -29 
7 9 -20 
-16 21 -26 
9 -12 -24 
-4 15 -30 
8 -9 12 
-22 25 -27 
3 6 -11 
3 8 -27 
