-29 42 60 
39 -51 -57 
-5 12 63 
12 13 -42 
23 29 -47 
-5 -14 65 
-29 -35 -45 
30 -47 -68 
10 18 45 
-20 39 -53 
10 19 -42 
-20 -47 -53 
-5 -41 54 
-23 -39 -55 
-3 17 21 
42 60 -70 
13 -25 -53 
67 68 -70 
-29 -31 -48 
-3 -25 -62 
-10 -42 -57 
-10 -18 -48 
-39 40 -58 
-1 -46 66 
13 -16 -18 
-29 32 -44 
-5 15 29 
4 -64 70 
-7 -46 67 
-31 39 -44 
4 -5 -37 
-6 -32 -36 
4 54 69 
15 34 -68 
12 -20 -46 
-11 22 -30 
46 -49 60 
25 40 59 
-13 14 -27 
-12 27 50 
3 23 -41 
-39 55 -69 
12 29 -54 
-44 47 67 
-8 -23 -58 
-37 -42 -61 
-7 29 -70 
-8 55 -67 
26 59 -66 
35 -39 57 
-12 -20 -48 
21 -33 61 
-11 31 49 
18 -58 -60 
9 -52 -56 
-32 48 50 
23 -34 36 
-13 14 -32 
8 -40 -65 
2 -22 -61 
7 20 -61 
-21 31 43 
-40 44 -50 
10 -11 54 
-26 -38 -40 
42 -45 56 
-6 34 -55 
13 -18 -63 
-13 -19 51 
-9 -36 -50 
-8 -22 47 
-21 31 -55 
21 26 -68 
3 -38 -48 
10 55 -64 
-34 49 -56 
39 -58 -60 
7 -26 27 
-19 -41 64 
27 -28 -69 
-28 -34 45 
26 -32 36 
-22 27 34 
14 -44 59 
-33 -49 54 
3 -18 -62 
-33 54 68 
-26 28 47 
8 29 -31 
-14 -48 -59 
41 -47 -56 
-2 11 -17 
-56 -61 -68 
2 -3 -25 
-29 31 -40 
-17 -28 -56 
12 52 62 
34 -37 70 
-27 -44 48 
-5 9 -23 
9 -31 -51 
-17 -19 -68 
4 -10 -26 
33 -56 -57 
-12 44 45 
-12 18 -51 
12 -13 -23 
30 -43 46 
-46 47 48 
29 -30 -33 
-18 22 32 
20 25 53 
-1 -23 -50 
8 9 67 
25 -52 58 
-26 36 48 
-11 -35 -70 
-13 30 52 
-19 31 50 
-54 -55 -68 
1 12 -59 
2 28 -41 
41 45 -49 
2 -8 46 
-4 -43 50 
2 47 52 
3 5 36 
5 -45 55 
5 33 -42 
-19 -29 -33 
-12 -20 -24 
-20 46 -59 
5 11 30 
3 18 -56 
23 37 -39 
-20 37 -62 
13 27 68 
-15 -32 -48 
-31 36 -60 
10 -51 -60 
15 52 68 
29 -60 -63 
-7 -9 -26 
11 17 -25 
-32 -37 -63 
-9 42 48 
-1 -15 -68 
-1 25 54 
30 -36 50 
-25 -45 -69 
-4 49 52 
32 -44 -66 
27 36 64 
2 -3 37 
35 55 69 
31 43 -49 
-11 -35 -69 
13 14 15 
-21 61 -66 
10 -16 31 
-27 -33 67 
1 -3 -50 
1 11 -59 
22 -28 29 
18 -42 60 
-16 26 60 
-17 40 63 
-49 56 -66 
33 41 -53 
1 20 -56 
-20 -45 -56 
1 -37 60 
9 20 51 
-7 44 -65 
11 21 42 
24 -40 -44 
20 48 52 
-11 21 -64 
3 25 -62 
-59 64 -68 
11 22 -43 
47 57 -66 
13 16 -52 
5 -10 29 
-19 -37 69 
7 28 62 
8 26 -56 
-50 57 62 
-21 -56 64 
-12 -34 63 
-21 -43 68 
1 14 43 
-4 -26 -62 
-34 51 -52 
13 -31 51 
-10 22 -58 
15 -56 -63 
2 21 -53 
3 -19 -34 
-15 56 64 
-7 24 39 
-20 30 -31 
-35 -53 61 
10 51 -66 
13 -34 43 
10 -14 50 
3 -5 52 
36 55 56 
-30 -35 -59 
-14 54 63 
14 17 -58 
17 25 -67 
8 -21 -69 
53 -63 64 
9 34 -43 
-30 -31 68 
-3 -27 38 
-34 -46 69 
-3 35 -61 
-31 -42 47 
4 44 68 
14 28 48 
28 -29 66 
39 45 -51 
24 41 50 
-7 -36 41 
19 -26 35 
14 -24 -45 
3 -38 70 
26 -39 52 
-29 -40 46 
9 42 58 
-29 42 54 
-35 43 -44 
-27 47 -62 
-29 -59 -60 
-17 -23 59 
-10 21 -63 
5 -43 57 
2 17 -26 
-15 -30 -45 
-18 -29 62 
-16 -48 -65 
-20 43 -50 
16 66 68 
25 44 68 
24 38 -49 
-13 57 -61 
-27 34 58 
34 -37 62 
2 -34 -61 
7 -40 -48 
26 -41 -49 
16 26 44 
10 -19 -30 
3 -37 60 
-16 -29 35 
-35 44 -51 
-19 -44 -45 
-12 43 -54 
-36 -41 -43 
-10 14 31 
13 -58 -64 
-3 -11 13 
24 29 -70 
13 27 -39 
-33 -36 63 
6 13 -47 
5 11 69 
-4 -46 68 
-2 -24 64 
-13 -24 -62 
-1 9 -44 
22 -28 56 
5 8 -41 
14 -67 68 
-35 -61 -64 
27 65 -67 
5 14 -62 
17 -45 51 
-33 37 -65 
-5 -56 67 
-15 45 -50 
19 24 -39 
-3 -54 61 
37 -61 66 
10 -43 -46 
-5 -23 50 
3 7 -64 
2 -22 51 
7 44 -62 
15 -32 63 
-12 20 -59 
15 -43 -61 
15 -34 -69 
7 18 69 
42 -48 -64 
-23 -28 60 
-53 60 68 
5 39 -58 
-22 -23 -39 
-53 69 70 
-39 -54 59 
-24 33 49 
3 4 45 
11 -42 -47 
5 -32 50 
-20 37 48 
-3 13 24 
-12 14 -28 
-26 -35 -46 
7 -46 67 
39 40 66 
-3 45 62 
11 -24 -47 
2 -11 21 
-14 48 -49 
-1 -34 45 
6 -15 54 
24 38 50 
-15 33 51 
1 -16 -69 
-22 49 -67 
-21 47 60 
-12 -17 27 
-39 59 -67 
32 -44 58 
40 50 56 
-34 -48 64 
32 -49 -61 
-28 -30 52 
14 -35 -47 
14 44 59 
-1 -15 -58 
9 35 -65 
13 32 61 
13 46 -53 
-31 41 -60 
-12 -43 47 
-3 -28 -43 
31 -37 60 
1 -13 -38 
-24 53 64 
-11 -26 -43 
21 -54 -67 
-29 -58 69 
8 12 -43 
5 -14 -38 
24 35 -70 
-12 16 -66 
-5 28 68 
-4 -6 -25 
-59 60 -70 
-9 -44 56 
7 -20 -59 
3 -16 -65 
-38 -56 61 
18 -48 -52 
37 49 -69 
4 16 60 
15 -18 65 
-48 -55 -70 
37 -59 61 
8 -28 43 
54 -55 59 
27 -28 -46 
-11 -22 36 
3 -13 22 
17 -36 -61 
30 -35 66 
32 -39 -62 
-21 -36 -52 
-26 -28 68 
14 -34 55 
11 -38 -51 
-12 -41 -61 
36 -64 69 
-38 46 -56 
-2 11 48 
1 48 49 
-24 35 -57 
-5 9 62 
29 -33 -50 
-9 -13 47 
3 -31 -35 
3 38 62 
-17 35 46 
1 27 -55 
-20 51 -64 
-4 -42 -47 
-5 6 -8 
47 -49 -54 
-7 -23 -51 
15 -31 -36 
-9 -37 -48 
-31 -47 70 
38 43 56 
41 45 -69 
1 -9 -49 
14 61 -68 
21 55 58 
-40 -59 61 
3 15 -17 
-6 7 -64 
5 17 -44 
-29 53 -70 
3 -14 -22 
36 -37 41 
13 -34 -57 
-7 -30 47 
-38 46 68 
6 -7 23 
-12 41 -65 
3 -39 67 
-38 -40 44 
1 57 -70 
11 -43 -44 
9 -39 41 
7 57 58 
-32 51 -56 
