5 -30 -40 
10 21 22 
-19 -41 -44 
-24 32 -48 
-19 33 -43 
1 -23 -41 
-4 31 45 
6 15 16 
-3 9 -25 
-30 -34 -41 
3 22 -38 
14 -36 -49 
-13 -46 -48 
28 32 -40 
25 -26 32 
22 -42 -45 
28 -29 32 
-11 -17 -23 
-27 -30 -44 
33 -43 46 
-2 -4 -44 
21 -26 -29 
-6 23 -29 
-27 29 -40 
13 21 25 
3 7 -10 
-4 5 -24 
16 -25 -49 
-2 9 -40 
-13 14 -20 
-6 7 -42 
6 -8 -28 
-1 21 -48 
-13 -17 38 
-1 -24 -35 
-20 -26 -37 
2 4 21 
1 25 -30 
4 17 27 
-23 -24 -40 
-26 -39 41 
-25 46 47 
-10 34 -49 
40 45 49 
4 -19 28 
-17 38 -44 
-19 28 43 
-3 41 42 
-8 -27 -37 
-11 -15 -43 
31 -39 -43 
-25 -27 45 
11 26 38 
21 33 -38 
6 40 42 
11 -13 -22 
-5 -27 -35 
-17 -20 -31 
32 -34 36 
-19 28 -39 
-2 18 -28 
-22 -29 -45 
25 -33 -38 
8 9 -32 
-25 41 43 
23 26 -30 
12 33 44 
-19 33 48 
9 28 48 
-10 -24 27 
-1 -2 14 
-2 -7 -15 
-4 32 34 
-1 2 7 
-2 -19 28 
5 -35 -48 
25 -32 -48 
-2 30 48 
4 -28 36 
6 10 -22 
-10 18 45 
-22 -24 -38 
-12 24 -45 
1 -5 -10 
-8 10 16 
-1 -25 46 
6 40 -41 
-14 35 38 
6 25 45 
7 30 -33 
11 23 -24 
-12 31 -38 
-35 39 -46 
4 29 -40 
13 -20 -43 
17 -35 -37 
6 -15 -31 
1 -5 -9 
-6 -15 17 
-7 18 -22 
15 -18 37 
4 34 40 
5 25 -49 
-9 14 49 
9 -23 -48 
7 -38 40 
29 -32 48 
8 14 49 
9 45 50 
-13 -18 22 
-3 -14 33 
12 15 -16 
-36 48 -49 
-1 -10 -21 
7 -15 -29 
10 11 14 
-18 -47 -48 
30 -34 44 
15 -22 -26 
22 -35 48 
2 -9 -41 
5 -27 -49 
6 8 -17 
-23 -28 -33 
-7 -41 43 
15 31 -36 
2 -40 44 
8 25 -33 
-17 33 -39 
1 16 -34 
-11 -16 50 
36 -45 47 
1 -7 48 
8 24 33 
-26 44 -50 
24 27 35 
-20 26 44 
8 20 35 
-18 -31 47 
1 -6 11 
7 -13 -36 
8 -48 50 
27 -31 -40 
-29 46 49 
26 37 39 
23 35 37 
10 38 49 
-5 -23 43 
-7 -37 41 
30 -33 39 
-9 -11 15 
-3 -4 -30 
21 28 -34 
-19 -34 43 
15 -17 42 
1 -5 41 
2 29 -47 
9 -19 -40 
-12 35 45 
21 -29 50 
-17 20 -32 
7 -21 37 
6 14 27 
-15 36 50 
-1 -22 -38 
-10 -24 40 
32 -33 47 
-2 17 48 
-11 12 -47 
22 -36 -50 
-30 31 33 
8 -9 29 
13 -20 -28 
13 20 -47 
10 32 45 
1 -9 -40 
-11 20 42 
2 8 -41 
8 36 44 
-6 12 44 
-4 -19 28 
-2 -9 50 
20 26 45 
-8 11 -12 
10 -22 39 
17 34 41 
-28 -33 -34 
-17 -29 42 
-2 28 36 
-12 -22 -30 
