13 29 -33 
24 41 -46 
-3 -35 -43 
-24 -31 34 
5 17 45 
-27 30 36 
-1 11 -26 
-11 16 20 
-29 -36 -48 
-6 13 -19 
9 30 -33 
9 13 -29 
18 27 41 
1 -9 -26 
-2 10 27 
38 -40 49 
6 -16 -22 
-14 -25 -26 
-1 -2 39 
-10 -32 -40 
16 47 49 
32 -49 -50 
36 40 41 
-23 -30 -50 
-12 -34 -40 
-5 25 46 
-11 -28 41 
-9 15 19 
-9 -12 40 
7 21 22 
-27 28 -31 
-38 -44 -48 
-1 -34 -46 
-15 -21 -31 
14 -21 -36 
9 10 48 
-6 9 30 
3 -22 33 
-26 -40 45 
-13 -43 48 
-26 31 45 
14 -29 -32 
-9 -23 -44 
26 32 -39 
17 24 -27 
19 28 42 
-20 -37 50 
12 32 -43 
-16 38 46 
2 -6 46 
-36 44 -45 
-4 -27 31 
4 -28 33 
3 15 -39 
-3 -6 43 
-17 34 -41 
1 -18 -39 
6 -17 44 
13 -18 22 
19 -27 43 
6 -26 48 
7 -11 42 
-25 36 -41 
-25 -28 -29 
-18 -25 -34 
5 -29 -43 
2 -13 -21 
23 45 46 
2 43 -44 
-3 23 44 
-17 19 -43 
1 -2 50 
20 -35 -41 
-5 -18 -45 
-28 -38 -39 
5 11 47 
-3 13 -28 
18 -23 39 
7 -44 47 
24 32 44 
30 -48 50 
-9 -34 -45 
-23 27 38 
3 -15 -40 
-3 -8 37 
21 29 -32 
-17 36 46 
-2 -11 -42 
-2 -10 24 
-7 49 50 
27 33 -48 
-12 27 31 
-3 37 -38 
-38 -46 -50 
7 19 48 
12 -20 -46 
-13 19 36 
2 12 -23 
-15 -17 30 
-1 9 -15 
-15 48 50 
-12 -35 -46 
19 22 37 
-1 -25 -31 
19 -25 -41 
-24 -26 -37 
10 18 44 
-24 -29 30 
-32 33 41 
4 9 -22 
18 25 38 
27 28 -34 
-7 17 -48 
15 36 -43 
10 -33 49 
-7 -38 -40 
-3 35 -50 
26 33 36 
-7 25 30 
11 -43 -46 
-10 22 40 
9 12 -49 
-31 -35 -38 
13 -20 21 
24 -28 -29 
6 -13 16 
-7 -25 35 
-13 -19 31 
2 18 -34 
23 -29 -48 
6 31 -49 
5 -30 -42 
-3 -15 41 
-27 33 42 
-14 -21 40 
-16 24 25 
-11 14 -27 
4 -17 20 
3 13 14 
-1 -8 -50 
29 -45 -47 
6 -29 -32 
18 28 41 
-8 12 37 
-5 -14 -46 
1 5 -33 
-6 30 -42 
2 20 24 
26 32 -45 
-3 -5 6 
27 -29 -32 
6 9 35 
7 -21 33 
-4 -22 40 
8 12 -47 
-22 32 -43 
-18 -19 49 
14 -27 30 
-26 36 40 
-30 -41 49 
20 -42 -48 
2 -5 -37 
5 26 -35 
23 -32 38 
-16 44 -48 
25 29 -32 
22 28 46 
10 -27 -45 
9 12 25 
-2 -29 30 
8 11 19 
-7 -38 46 
1 -39 -49 
33 38 -39 
-26 40 50 
-2 -32 -36 
16 35 40 
-1 -12 -46 
18 -26 -47 
28 -33 -40 
10 11 14 
13 -14 -35 
16 -26 29 
-31 -43 47 
8 -21 -24 
-5 -9 17 
33 -40 48 
-18 32 44 
-10 33 44 
-8 -15 -31 
32 -34 36 
-1 10 33 
5 9 -22 
-8 -33 -36 
-28 -35 37 
-4 -14 -49 
22 31 35 
-9 -36 44 
6 -45 46 
29 34 -50 
-27 -31 39 
-14 41 -46 
2 12 38 
10 -29 42 
-7 -9 22 
32 -37 -50 
-9 22 -49 
1 41 43 
18 -20 23 
3 42 -46 
-30 -47 -49 
-17 39 49 
-29 -31 -44 
-6 21 -26 
9 32 40 
22 -34 43 
-1 35 49 
-7 -21 -35 
26 -37 -41 
25 34 50 
14 23 42 
7 -24 48 
6 33 -48 
-8 -29 -37 
5 -20 -44 
-18 24 -31 
19 37 -48 
-8 -24 30 
-17 22 29 
-5 -23 -46 
-4 35 -37 
-30 -36 42 
-10 11 29 
-15 -25 -38 
10 -20 33 
13 18 31 
-9 10 -37 
3 -10 -29 
-9 -29 -48 
-14 19 -20 
21 33 35 
-1 20 -34 
15 -24 29 
19 -26 -48 
-32 -36 48 
-3 -14 43 
12 24 33 
2 31 40 
-3 11 41 
-5 18 -39 
20 24 -43 
-3 29 -36 
19 49 50 
1 33 -40 
-2 4 -10 
-13 -30 34 
4 -9 43 
-36 -42 -50 
-8 -23 -30 
-33 36 43 
41 -43 -46 
7 -16 44 
19 20 -40 
10 30 -41 
-4 -13 -39 
-10 -17 -26 
8 30 -45 
38 40 -49 
25 -45 50 
8 -9 33 
13 15 -36 
2 13 -14 
-26 -32 -49 
8 12 16 
-37 38 41 
6 -20 -45 
7 26 -45 
-13 -38 49 
-23 34 39 
-25 26 -36 
16 26 46 
-5 11 -14 
39 -44 -48 
-8 -25 34 
-7 -14 -46 
26 -34 42 
-6 8 15 
-7 -9 50 
2 24 -37 
-14 34 -43 
20 28 -40 
-13 14 -28 
18 34 44 
2 28 40 
-2 -3 -35 
22 26 -38 
-14 23 -24 
-2 11 -41 
-8 33 -35 
-16 -31 -46 
11 -33 42 
8 28 44 
16 -30 45 
11 30 35 
37 39 -50 
-31 44 -48 
-1 -24 38 
23 -25 27 
23 35 -46 
-16 -29 32 
