-15 -22 30 
2 -55 -67 
1 10 51 
-20 -42 -64 
-7 -34 -45 
8 28 70 
7 -11 18 
-12 61 -69 
44 51 60 
19 -23 -37 
19 30 42 
11 -13 -17 
14 -32 61 
32 49 -54 
-13 -35 -54 
-28 37 63 
11 -51 -61 
4 8 -49 
1 19 49 
22 29 49 
11 58 -66 
-23 -29 -65 
9 46 53 
9 12 27 
-22 58 59 
-30 -48 54 
16 34 -35 
13 -20 46 
-49 -57 -60 
10 -15 -19 
5 -18 -58 
-3 60 61 
-17 51 65 
12 22 -67 
27 42 58 
-21 -41 -43 
5 39 -41 
24 41 -63 
5 -11 70 
31 58 -70 
8 38 59 
-26 -40 -48 
-57 -63 65 
11 16 29 
5 -44 -45 
13 -15 23 
-4 -19 -39 
-14 20 62 
-22 -63 -64 
9 30 33 
12 -34 53 
-2 -28 -30 
16 30 40 
15 52 55 
23 34 -67 
1 -24 26 
27 42 -54 
-9 -15 50 
-14 -24 -30 
-2 39 -66 
23 -41 -46 
10 -14 21 
-67 68 70 
6 10 58 
-2 -47 -51 
45 48 55 
37 51 -70 
8 17 -55 
14 -17 24 
2 -34 -58 
-7 -15 -24 
1 -10 -24 
-38 -51 -54 
12 19 67 
-8 50 -61 
32 37 -56 
26 -31 47 
-12 44 46 
-16 -49 55 
-32 -46 -64 
-9 -27 55 
-24 34 -41 
-5 -6 57 
-14 15 -43 
-3 9 -50 
-17 50 -62 
-50 -52 56 
6 37 -60 
-23 -48 -57 
1 -47 59 
-8 -37 65 
4 5 7 
-22 37 39 
36 -49 -57 
14 22 61 
31 52 -56 
-50 62 -69 
-21 55 -63 
13 -30 61 
12 63 67 
7 -14 -32 
-11 30 56 
-12 -15 62 
8 29 -52 
20 -46 52 
-6 65 69 
-2 29 -32 
-24 28 48 
20 21 67 
46 51 63 
19 -28 54 
30 -36 62 
4 47 57 
-7 -58 -69 
-26 -55 68 
19 30 35 
9 -12 55 
-2 30 69 
57 -58 -64 
23 27 -67 
10 -19 -69 
12 -24 25 
11 30 54 
1 -26 65 
14 -24 43 
9 -16 -35 
-17 -39 -60 
-41 -46 54 
27 44 -58 
17 -51 -62 
-18 53 -70 
-8 37 -44 
-40 -51 55 
-11 30 61 
38 54 63 
3 54 -64 
-9 -30 -49 
21 24 -63 
-21 41 44 
6 24 54 
