12 -21 -58 
1 26 41 
-29 44 -45 
3 -18 36 
2 47 -49 
-2 56 62 
-35 53 -70 
9 -29 -35 
-14 18 -40 
38 45 63 
4 11 -29 
8 23 24 
14 -26 -58 
9 11 67 
9 13 56 
-18 56 -60 
-12 -21 28 
-9 -17 34 
-15 17 23 
-21 -47 -54 
6 -7 -61 
-10 30 45 
29 -35 -60 
-10 -51 56 
-53 -54 -63 
-2 45 55 
12 54 66 
-11 -31 60 
-6 29 62 
-10 22 31 
-5 -17 36 
7 -61 70 
4 -8 43 
-14 55 -64 
8 42 64 
21 -44 53 
1 15 -34 
8 15 51 
-41 -42 62 
38 68 -70 
32 -33 35 
-16 23 29 
-6 -7 65 
-22 47 59 
-3 31 49 
26 -31 70 
21 -45 -69 
-7 -23 67 
10 14 -48 
-1 -17 -64 
-14 -16 26 
-34 43 70 
15 -39 64 
20 33 45 
2 4 -29 
11 -53 69 
-9 66 67 
15 19 -44 
-10 -26 -28 
9 -21 -57 
6 7 -60 
25 30 65 
31 64 -65 
3 -45 65 
1 -26 48 
33 38 -45 
-23 -26 -35 
18 -22 -56 
14 -31 -47 
23 -42 64 
13 -35 -64 
9 -26 -37 
13 58 -59 
-5 -13 -38 
-5 -13 57 
-7 -17 -45 
34 44 55 
15 21 -68 
-14 20 -35 
26 29 55 
13 -36 41 
-49 62 70 
21 -32 -58 
-2 -10 53 
8 15 34 
23 -32 -41 
-31 -52 68 
9 28 -45 
-43 59 66 
7 16 -48 
46 -48 -49 
-12 -27 -64 
2 -53 65 
12 16 -39 
-11 -24 -32 
17 43 50 
2 39 49 
-5 46 -63 
-3 42 59 
43 55 -57 
-31 -36 46 
21 40 -42 
-18 62 -68 
8 -9 -27 
1 14 66 
3 -32 -67 
4 -9 -47 
1 40 -56 
-45 -54 56 
22 24 -64 
36 -39 -49 
55 58 59 
-15 -22 30 
2 -55 -67 
1 10 51 
-20 -42 -64 
-7 -34 -45 
8 28 70 
7 -11 18 
-12 61 -69 
44 51 60 
19 -23 -37 
19 30 42 
11 -13 -17 
14 -32 61 
32 49 -54 
-13 -35 -54 
-28 37 63 
11 -51 -61 
4 8 -49 
1 19 49 
22 29 49 
11 58 -66 
-23 -29 -65 
9 46 53 
9 12 27 
-22 58 59 
-30 -48 54 
16 34 -35 
13 -20 46 
-49 -57 -60 
10 -15 -19 
5 -18 -58 
-3 60 61 
-17 51 65 
12 22 -67 
27 42 58 
-21 -41 -43 
5 39 -41 
24 41 -63 
5 -11 70 
31 58 -70 
8 38 59 
-26 -40 -48 
-57 -63 65 
11 16 29 
5 -44 -45 
13 -15 23 
-4 -19 -39 
-14 20 62 
-22 -63 -64 
9 30 33 
12 -34 53 
-2 -28 -30 
16 30 40 
15 52 55 
23 34 -67 
1 -24 26 
27 42 -54 
-9 -15 50 
-14 -24 -30 
-2 39 -66 
23 -41 -46 
10 -14 21 
-67 68 70 
6 10 58 
-2 -47 -51 
45 48 55 
37 51 -70 
8 17 -55 
14 -17 24 
2 -34 -58 
-7 -15 -24 
1 -10 -24 
-38 -51 -54 
12 19 67 
-8 50 -61 
32 37 -56 
26 -31 47 
-12 44 46 
-16 -49 55 
-32 -46 -64 
-9 -27 55 
-24 34 -41 
-5 -6 57 
-14 15 -43 
-3 9 -50 
-17 50 -62 
-50 -52 56 
6 37 -60 
-23 -48 -57 
1 -47 59 
-8 -37 65 
4 5 7 
-22 37 39 
36 -49 -57 
14 22 61 
31 52 -56 
-50 62 -69 
-21 55 -63 
13 -30 61 
12 63 67 
7 -14 -32 
-11 30 56 
-12 -15 62 
8 29 -52 
20 -46 52 
-6 65 69 
-2 29 -32 
-24 28 48 
20 21 67 
46 51 63 
19 -28 54 
30 -36 62 
4 47 57 
-7 -58 -69 
-26 -55 68 
19 30 35 
9 -12 55 
-2 30 69 
57 -58 -64 
23 27 -67 
10 -19 -69 
12 -24 25 
11 30 54 
1 -26 65 
14 -24 43 
9 -16 -35 
-17 -39 -60 
-41 -46 54 
27 44 -58 
17 -51 -62 
-18 53 -70 
-8 37 -44 
-40 -51 55 
-11 30 61 
38 54 63 
3 54 -64 
-9 -30 -49 
21 24 -63 
-21 41 44 
6 24 54 
-22 63 -65 
-19 -30 -31 
-5 42 -56 
-16 19 29 
-48 64 -67 
13 -22 66 
-3 -18 29 
-20 34 -39 
-6 -9 59 
-10 -37 -60 
-5 44 -53 
28 50 -63 
5 -28 -47 
-9 17 39 
10 23 -61 
-17 22 41 
-36 42 69 
-33 -46 -62 
-15 -39 -62 
-15 -29 -63 
-21 -45 55 
-26 -35 -64 
-34 48 49 
-12 30 36 
-11 -17 56 
2 -38 -44 
7 -26 51 
-15 28 45 
-2 41 -52 
25 39 -46 
19 44 -68 
-25 44 -68 
-28 54 66 
-12 47 52 
7 -33 39 
3 -17 -41 
-20 23 58 
4 -32 66 
10 14 -33 
-7 57 58 
38 -50 53 
-4 -21 45 
-55 57 -64 
29 -37 -41 
-10 -20 48 
-5 7 -47 
-1 14 69 
-31 49 69 
-16 53 69 
3 12 -21 
13 53 -56 
-29 51 -67 
35 41 42 
-19 56 -57 
8 57 59 
-25 -65 -69 
-1 7 -42 
18 -40 -58 
-10 -39 -57 
-25 61 -69 
-24 25 58 
-40 -45 60 
-26 28 -47 
-10 17 -37 
8 20 46 
-43 -56 -69 
18 25 -49 
51 -53 -69 
-3 -24 48 
13 36 -45 
-7 65 -67 
-6 29 57 
-9 -52 62 
-11 -41 45 
-8 17 33 
5 30 64 
2 -32 -53 
1 -40 70 
-4 -48 54 
-38 60 68 
-7 -20 -21 
-14 39 61 
-15 56 -58 
-13 56 67 
