-11 32 46 
-16 21 -47 
-2 16 -34 
7 -13 32 
1 -18 -43 
8 -18 -48 
-4 30 37 
-13 -24 46 
-24 -38 45 
-15 35 -40 
-9 -43 -44 
8 13 18 
28 30 35 
-12 -14 -44 
-4 6 -45 
-8 9 -26 
-3 -15 39 
8 13 20 
-16 42 45 
3 -22 -37 
5 -7 -9 
6 8 45 
8 -20 35 
5 -7 -24 
18 40 43 
4 27 -33 
-22 -26 -40 
12 42 48 
10 14 25 
-4 -36 -42 
15 -36 -45 
13 -19 -29 
-2 10 -50 
-19 -26 36 
-4 -37 -43 
9 -34 44 
12 -28 45 
-27 -28 -33 
-18 26 34 
25 31 -37 
-12 -37 41 
-6 37 50 
4 -16 18 
14 16 -50 
31 33 36 
-22 41 -50 
9 -35 38 
11 -16 -44 
4 -19 43 
22 -42 47 
20 -26 -31 
-13 -15 49 
10 -21 -34 
9 -12 -46 
10 -11 -21 
5 -28 -44 
-26 31 -41 
-12 38 -44 
19 23 43 
1 -12 24 
-21 -26 -29 
8 -15 -25 
25 30 41 
7 -17 -20 
32 -36 50 
11 31 -39 
-35 43 -45 
20 22 -36 
-8 -33 39 
29 33 -42 
-14 -28 -49 
-4 -12 14 
-30 33 -34 
-2 18 47 
-11 -19 30 
-1 11 38 
-1 6 45 
4 19 -42 
-15 25 49 
-8 23 32 
-5 -13 24 
7 16 23 
-4 -5 41 
-6 -12 31 
-7 17 -23 
-23 -36 -50 
-35 42 43 
-18 -39 -50 
-1 -11 18 
25 46 -49 
-9 -11 -22 
-12 -15 -34 
-3 11 20 
-3 16 42 
-21 42 -45 
27 -45 -48 
4 12 18 
8 14 -30 
-4 -36 47 
-12 17 46 
-31 35 41 
-12 31 48 
2 -8 -43 
25 -35 -40 
-30 35 41 
-15 -27 -46 
-2 -4 20 
-9 -26 -47 
8 10 11 
10 33 44 
