-27 36 -40 
-14 48 -66 
24 30 56 
5 30 55 
-2 -16 50 
15 -24 26 
19 -50 64 
5 15 -55 
29 31 66 
-19 -37 -48 
20 47 48 
-28 -33 -67 
-5 22 -68 
-16 -47 -49 
24 -31 -57 
-4 19 35 
-43 60 -61 
29 51 -64 
36 -43 -68 
27 -33 -34 
1 19 46 
-36 -67 -70 
19 -39 68 
-25 -28 -31 
-51 -56 -64 
1 -10 -49 
11 -58 68 
-27 29 51 
-19 29 -45 
26 29 60 
-7 56 -64 
-28 -50 -53 
14 -26 -61 
-1 34 69 
-7 -32 65 
41 -52 -53 
4 35 -40 
27 48 60 
4 -46 -65 
35 -36 60 
20 -34 -69 
-19 -35 51 
2 -52 61 
37 43 -47 
36 -55 -67 
22 41 -50 
8 -53 -69 
-38 63 -70 
-28 37 -70 
-2 50 -52 
5 -31 66 
-1 16 -41 
-11 51 -60 
-5 50 -60 
-18 -30 66 
43 50 -55 
4 -50 -70 
22 43 -44 
15 29 -50 
-5 -8 -25 
-8 -30 31 
-3 8 -70 
6 -8 62 
26 51 59 
-28 -37 -64 
-11 -38 -68 
20 -29 -52 
10 22 34 
16 30 68 
4 -14 44 
3 6 -27 
44 49 -69 
-29 -36 68 
23 34 -68 
5 -16 -42 
4 25 35 
-9 16 -45 
1 45 67 
-6 -42 59 
10 14 45 
28 34 -70 
10 -43 62 
-3 24 70 
-17 30 55 
28 -58 66 
-5 18 42 
35 48 -60 
-49 -50 -64 
-23 -56 -68 
-16 32 -51 
-36 -42 -43 
-2 20 -60 
-20 -24 46 
9 -40 -61 
12 -16 -33 
4 -60 -63 
-25 37 -68 
-6 47 -69 
1 -14 53 
20 -31 45 
-23 -34 -52 
43 -44 45 
-3 -12 -19 
-21 -31 60 
-35 -47 -69 
32 -34 -41 
-39 49 57 
-14 -65 -67 
-21 29 35 
-15 48 -67 
19 43 49 
10 28 68 
-16 -43 -54 
-23 30 -32 
-2 16 62 
-10 14 -48 
-12 -44 48 
-23 26 38 
17 24 70 
-33 -35 -62 
-10 -29 -61 
8 -11 -55 
-6 10 47 
55 -60 62 
6 -46 -51 
-3 4 -62 
12 -21 -58 
1 26 41 
-29 44 -45 
3 -18 36 
2 47 -49 
-2 56 62 
-35 53 -70 
9 -29 -35 
-14 18 -40 
38 45 63 
4 11 -29 
8 23 24 
14 -26 -58 
9 11 67 
9 13 56 
-18 56 -60 
-12 -21 28 
-9 -17 34 
-15 17 23 
-21 -47 -54 
6 -7 -61 
