13 17 -27 
17 -20 43 
-3 -5 -16 
-5 -34 43 
-2 -8 -17 
-35 46 62 
17 56 67 
-25 52 69 
1 -7 -57 
-6 -60 -62 
33 -38 42 
23 37 41 
12 -50 53 
50 -66 -68 
35 54 -67 
-20 33 38 
-33 34 -52 
-6 -21 23 
-6 -46 61 
-8 17 68 
6 -44 67 
45 49 50 
-20 44 66 
46 59 -69 
-6 35 -68 
43 -47 57 
1 16 51 
-4 -25 -46 
-4 31 -32 
-35 -57 -60 
13 30 41 
-4 -20 -65 
13 26 60 
-11 12 13 
-37 -41 -55 
13 -65 -70 
35 -39 -49 
27 -33 37 
-9 15 39 
-17 36 -39 
-28 -34 35 
7 38 -66 
-10 31 63 
-3 40 54 
28 -34 -61 
-35 -39 -60 
2 -18 56 
12 15 -64 
24 52 63 
-7 -8 -28 
-8 28 42 
-17 -24 -62 
-23 37 68 
-13 -22 -56 
34 50 -63 
-11 14 -59 
-10 15 -40 
4 43 53 
-14 -40 61 
19 20 -31 
-22 68 -69 
-1 -6 -53 
2 40 48 
13 -18 -68 
19 -33 44 
13 30 46 
26 48 69 
-1 -19 46 
59 -60 -61 
16 -29 64 
3 -54 58 
9 38 -70 
8 -56 -60 
-12 16 -26 
12 -25 67 
-44 -54 -67 
-29 31 -57 
26 -62 -66 
6 15 57 
-1 40 41 
43 60 -63 
23 24 -69 
43 -65 66 
9 32 -52 
18 42 -43 
14 27 52 
-31 -44 -68 
-27 -42 66 
-14 -16 42 
-15 27 44 
-7 -62 66 
21 25 -27 
-10 -55 65 
29 -56 -62 
-4 -5 64 
-17 -46 -62 
30 -46 -64 
2 -16 -40 
18 26 63 
25 -63 -64 
24 58 -64 
12 -13 -45 
13 21 -39 
21 -59 -64 
-16 -30 -45 
1 -10 -44 
-12 31 -70 
5 32 50 
-8 -27 -69 
-14 -56 57 
3 61 -64 
14 30 36 
3 56 68 
-16 -52 -59 
3 -23 -48 
-51 61 66 
17 32 57 
9 -24 66 
-23 -25 60 
-18 50 67 
10 36 55 
30 36 -61 
33 -65 67 
-24 -46 -68 
-15 -54 -67 
-6 17 -19 
-21 24 70 
33 -40 70 
-22 31 -49 
-21 34 -48 
3 -4 46 
16 34 68 
41 57 -69 
-30 48 61 
-38 -42 63 
-4 28 -30 
-10 -11 -23 
28 59 64 
47 -63 -70 
53 -54 -62 
-17 23 35 
13 -26 -70 
-8 -16 25 
-1 4 -34 
-45 -61 67 
27 56 -67 
5 9 -55 
-18 66 70 
-37 57 -67 
-3 7 14 
-10 -17 63 
-18 32 67 
12 -20 -46 
6 -21 -61 
-32 -37 -46 
32 -45 -52 
8 46 -60 
-17 42 -64 
-35 66 70 
3 30 -50 
45 55 -60 
35 -50 68 
1 22 -48 
28 -32 -36 
1 -20 -51 
-10 -38 -39 
-19 30 69 
4 24 39 
23 30 52 
5 -21 58 
-32 -40 -62 
21 61 -63 
-20 43 -65 
-31 32 -53 
-4 41 -70 
