12 13 58 
-22 -29 -41 
-9 36 37 
19 26 27 
-22 30 -39 
-29 45 65 
-16 -47 49 
-9 51 63 
26 -33 57 
-27 32 -70 
-3 -66 -67 
10 11 -68 
2 6 46 
4 -11 37 
42 44 50 
-23 -25 29 
-18 45 -64 
-19 22 64 
12 -49 -57 
13 51 66 
17 -31 64 
-31 36 44 
6 52 -66 
32 40 68 
-26 -56 57 
-21 37 40 
19 -31 59 
-27 56 -68 
1 -28 -48 
28 -40 -60 
12 -23 -48 
-42 44 -66 
17 52 -66 
11 36 54 
6 -21 -67 
-31 53 -69 
-54 -60 -63 
-31 44 -68 
-22 45 51 
16 19 -52 
-37 41 -45 
7 31 -45 
2 6 24 
7 -15 -41 
-6 -50 52 
-14 -23 62 
-1 25 -33 
-13 19 64 
13 66 -67 
4 8 -59 
11 23 60 
-4 -7 24 
49 -56 -65 
23 68 69 
18 -29 -42 
-40 -46 -52 
4 -56 59 
2 -27 60 
-8 30 50 
48 55 -58 
-11 25 -31 
-4 28 -55 
24 54 62 
14 35 51 
53 -57 -61 
-23 24 50 
1 -36 -45 
-15 25 -68 
-42 -60 65 
-8 -16 53 
17 -21 52 
-15 27 66 
-35 49 66 
24 36 46 
39 40 -64 
44 56 -59 
-9 -40 46 
25 -32 51 
17 -31 -37 
40 -62 -64 
24 -57 69 
-23 -52 -62 
24 -41 56 
6 46 -49 
-16 -28 41 
-1 7 -34 
2 5 -59 
-24 36 -41 
42 43 -61 
-18 -37 55 
11 -55 -57 
33 -41 -48 
40 48 67 
-7 56 -68 
-20 -34 -49 
43 -45 -64 
47 54 -60 
-26 38 -66 
12 25 -27 
-29 48 64 
-15 36 -40 
9 29 30 
48 59 64 
-23 54 -56 
6 37 -58 
-19 37 43 
-23 47 -60 
4 19 -48 
-35 42 -66 
-4 -39 50 
6 22 49 
-5 50 55 
-52 -56 -63 
-3 6 18 
-35 52 56 
4 -53 -66 
11 15 -56 
5 11 -37 
-3 13 -31 
3 -32 -66 
29 -42 61 
3 -14 67 
-9 -24 62 
46 -53 56 
28 39 60 
14 44 63 
5 -35 -57 
-1 -39 -42 
9 -19 40 
-30 37 -39 
5 44 -70 
2 -41 -49 
22 25 35 
11 30 59 
4 -34 -46 
8 63 65 
28 40 -65 
-5 64 -68 
-3 -35 56 
-4 -59 62 
