-1 -8 -9 
2 11 18 
17 21 -26 
19 -27 -30 
2 -22 23 
4 11 30 
-3 12 28 
-4 10 20 
6 17 -29 
-20 22 -25 
-3 16 29 
9 -11 -23 
-2 -15 30 
-3 5 -17 
6 -12 25 
-14 -18 27 
-1 20 -22 
25 -28 30 
-6 10 -25 
-7 -18 -19 
-3 -7 28 
-6 11 -27 
-9 -12 29 
-2 5 19 
-23 25 26 
8 -12 28 
5 10 18 
4 8 12 
10 -12 30 
-5 10 12 
-3 -19 -29 
12 -19 -28 
-11 16 20 
-2 13 -24 
5 -7 -12 
-2 22 23 
5 14 28 
-1 21 27 
-15 22 26 
-18 22 23 
-8 -9 -28 
10 -11 26 
-3 -14 -29 
-6 15 21 
6 -10 -16 
8 24 28 
-20 -21 -30 
-2 9 -14 
-18 -28 29 
-3 21 -29 
-6 8 13 
13 -17 22 
16 -26 -28 
-5 -11 -24 
-6 -15 -19 
13 18 -29 
4 25 -26 
6 12 -15 
13 16 22 
7 -10 13 
4 -9 -30 
4 -20 24 
-15 -16 29 
-20 -21 27 
2 4 29 
-1 -8 18 
-7 -14 23 
-13 19 -23 
1 -4 -20 
1 -15 28 
2 -18 -21 
26 27 -29 
2 -22 24 
13 -14 15 
-4 7 -20 
5 -12 -19 
-2 4 -21 
-5 -8 25 
2 -4 12 
12 -21 -23 
15 -20 -30 
1 10 29 
19 22 -27 
3 7 -23 
-5 12 -17 
-3 9 11 
1 -4 6 
-3 -4 17 
7 -17 25 
-5 -16 22 
-2 -11 22 
-5 11 -28 
-1 -2 -27 
1 5 11 
-1 -14 24 
-6 9 12 
2 15 -19 
20 -27 28 
9 -10 21 
-16 22 26 
6 -9 -22 
-6 16 30 
-5 19 26 
15 -22 23 
-15 -17 18 
-20 22 -30 
2 9 22 
-12 14 -20 
5 13 20 
8 -22 29 
-5 14 -23 
-6 9 -16 
8 -20 -27 
10 -17 19 
-14 -27 30 
-6 -7 23 
-2 17 26 
13 -15 26 
-1 21 25 
10 13 25 
-8 18 -30 
-11 -23 -27 
6 16 -22 
2 7 18 
9 10 -17 
-1 -11 -20 
-3 -12 -13 
-7 16 -19 
3 -25 -30 
-11 -16 -20 
-6 -23 27 
-4 -18 -19 
-5 -19 25 
12 -24 29 
-4 11 26 
9 11 -15 
4 25 -30 
3 10 29 
-5 -22 27 
13 -25 28 
-12 -14 15 
-3 -29 30 
-19 -24 -28 
2 17 -22 
4 12 24 
11 13 21 
-3 21 23 
