-6 -7 -27 
5 -34 39 
4 35 50 
-11 -26 27 
-16 -21 46 
7 30 49 
-27 42 49 
4 14 -29 
-26 44 45 
-15 -33 44 
-21 -29 -38 
15 38 46 
-42 45 -50 
-13 35 -44 
-1 6 -29 
11 -14 -29 
17 20 -39 
-7 -12 -39 
-11 17 -33 
-7 8 -50 
19 38 48 
17 22 -42 
11 26 27 
-17 42 49 
-16 20 -47 
9 25 28 
-3 -40 43 
-2 7 -11 
15 -34 -35 
24 -26 -27 
-19 36 37 
-4 -12 48 
11 18 32 
6 -26 29 
9 -11 38 
-3 -27 44 
3 -7 18 
-40 42 -46 
-8 -9 14 
-3 34 40 
7 20 28 
-17 -18 25 
32 36 49 
-11 -13 16 
7 27 30 
5 7 -35 
3 7 -15 
9 -17 -42 
-1 11 19 
2 31 -42 
-10 20 22 
13 -17 -39 
-24 48 -49 
-16 -33 43 
-6 29 -42 
19 -42 -50 
8 27 38 
-14 23 32 
-13 -18 40 
-16 -21 -38 
15 35 41 
3 -39 -46 
5 24 -39 
39 -48 49 
-18 -23 32 
-15 45 50 
17 21 45 
4 12 27 
25 33 -36 
-3 -7 18 
-3 26 30 
-27 -38 -48 
-13 -14 -18 
18 19 -34 
28 -31 -35 
7 21 -31 
-26 34 45 
16 22 -32 
9 42 -44 
-1 -11 35 
19 26 27 
-2 33 48 
-20 29 -35 
4 -5 45 
-24 -26 -46 
-8 -14 30 
-5 29 -32 
4 -11 -22 
-25 33 -49 
-24 36 44 
15 23 45 
-25 29 50 
2 -16 -19 
-28 -37 39 
-3 13 30 
-18 -34 43 
-3 18 40 
-4 18 -29 
14 -17 19 
17 21 -41 
-27 -31 40 
-7 10 -50 
-13 -20 35 
-2 16 -24 
6 -20 -25 
-33 34 -45 
25 35 -48 
5 -22 28 
-7 32 43 
-5 -8 34 
-11 20 -45 
22 -36 44 
-22 43 -45 
-3 -20 34 
1 -29 -41 
-1 -19 43 
-27 41 43 
-12 -15 -20 
-5 17 31 
-2 32 48 
24 -29 47 
2 19 -29 
-11 34 -49 
-34 -42 48 
27 30 45 
-5 11 26 
-2 -16 -34 
-7 -15 -40 
37 -38 44 
-15 16 45 
-15 34 41 
25 -43 -47 
23 -24 49 
25 35 -43 
7 -26 -36 
