22 -33 41 
3 -10 28 
19 29 -44 
-9 29 -35 
-11 -26 -50 
-2 -11 -21 
-31 33 -35 
-18 25 26 
28 32 -42 
29 37 -41 
8 -27 -32 
-4 -11 31 
9 38 -49 
8 -29 49 
4 -5 -17 
21 24 -37 
34 -36 45 
-6 12 -49 
12 22 31 
-1 25 -49 
1 -25 38 
-5 -17 38 
-11 23 30 
8 -13 16 
-3 21 -26 
-2 -24 30 
9 -29 -32 
-24 42 -46 
-12 -16 -31 
-6 10 -35 
-38 -47 48 
35 38 -46 
25 -27 50 
15 -16 -47 
-20 27 50 
-24 -30 34 
-32 37 49 
-14 -23 45 
14 19 21 
-3 -7 -39 
-21 -36 -43 
-15 24 40 
1 3 7 
-23 -37 41 
17 29 -50 
18 27 29 
-1 -11 21 
15 -19 43 
16 24 -50 
1 -8 -29 
-12 -19 47 
24 -39 -50 
29 43 -45 
8 -18 35 
-10 -13 -31 
16 40 49 
-4 -12 45 
24 -31 -38 
29 -32 45 
-27 41 44 
1 -26 48 
-21 27 -49 
10 -20 33 
-2 10 41 
-6 -17 -18 
-5 -10 -35 
-12 41 46 
-16 -17 -19 
16 -21 24 
4 28 40 
15 26 30 
-10 23 -32 
-25 -30 32 
-5 -10 34 
8 -18 37 
-24 -31 -46 
8 32 50 
1 -9 10 
-9 -41 -47 
-10 24 37 
-2 -34 35 
1 14 48 
-28 -33 -40 
-9 -25 -30 
-27 28 -47 
25 -27 -31 
4 -42 47 
-1 7 30 
-1 37 -48 
-7 24 35 
1 11 18 
-8 -36 -46 
-9 -10 -23 
9 -28 -48 
13 -25 28 
24 40 42 
26 -37 -46 
-21 -22 41 
-10 27 -42 
23 34 49 
-1 36 50 
9 -37 47 
-13 -44 47 
-5 -23 50 
9 16 33 
-10 -17 29 
-10 -25 -43 
35 37 42 
1 24 -25 
3 -24 34 
-2 -33 38 
-3 14 -30 
34 43 45 
-4 13 -49 
1 24 -30 
3 -23 -30 
-4 -12 50 
-7 10 -23 
-3 -28 -47 
-5 -6 43 
-16 37 -42 
-11 -18 -22 
-15 -26 -43 
2 -36 49 
-8 -11 14 
21 32 -37 
12 -22 49 
-28 35 47 
7 10 -33 
-20 33 45 
-2 4 11 
-22 27 -46 
-3 7 15 
29 -33 38 
4 -11 18 
-2 22 23 
-14 22 40 
3 26 43 
-16 25 26 
-5 -20 -25 
-8 -22 43 
-3 -6 35 
-8 34 37 
17 19 -46 
-4 -31 50 
9 -17 47 
-20 46 48 
1 19 48 
24 39 -50 
30 -36 50 
4 -12 39 
-33 48 49 
28 31 46 
6 32 50 
9 40 -41 
-17 27 -44 
4 -28 46 
20 -45 -46 
-12 -18 23 
12 -19 40 
