-5 12 -17 
-3 9 11 
1 -4 6 
-3 -4 17 
7 -17 25 
-5 -16 22 
-2 -11 22 
-5 11 -28 
-1 -2 -27 
1 5 11 
-1 -14 24 
-6 9 12 
2 15 -19 
20 -27 28 
9 -10 21 
-16 22 26 
6 -9 -22 
-6 16 30 
-5 19 26 
15 -22 23 
-15 -17 18 
-20 22 -30 
2 9 22 
-12 14 -20 
5 13 20 
8 -22 29 
-5 14 -23 
-6 9 -16 
8 -20 -27 
10 -17 19 
-14 -27 30 
-6 -7 23 
-2 17 26 
13 -15 26 
-1 21 25 
10 13 25 
-8 18 -30 
-11 -23 -27 
6 16 -22 
2 7 18 
9 10 -17 
-1 -11 -20 
-3 -12 -13 
-7 16 -19 
3 -25 -30 
-11 -16 -20 
-6 -23 27 
-4 -18 -19 
-5 -19 25 
12 -24 29 
-4 11 26 
9 11 -15 
4 25 -30 
3 10 29 
-5 -22 27 
13 -25 28 
-12 -14 15 
-3 -29 30 
-19 -24 -28 
2 17 -22 
4 12 24 
11 13 21 
-3 21 23 
-9 14 22 
-3 18 28 
12 27 -30 
3 10 21 
8 13 16 
-16 22 -23 
7 -11 -22 
5 20 -24 
-15 -17 23 
-7 21 27 
12 15 -27 
-5 16 -30 
