16 26 -28 
-19 -23 -28 
-12 18 -29 
5 9 -10 
-2 7 -11 
6 22 -24 
-17 24 30 
-20 22 23 
-11 16 -23 
17 20 -23 
-3 6 -14 
-1 11 -30 
-2 -6 -29 
2 12 17 
2 16 -28 
12 -15 18 
6 11 -23 
3 4 -12 
-7 -20 -25 
-6 -12 21 
5 14 25 
14 22 28 
-9 -14 28 
-7 -18 27 
-2 13 -30 
-17 28 30 
-2 12 13 
-22 25 29 
17 -22 -24 
6 -7 17 
-3 7 -13 
9 17 -22 
6 -17 -25 
-1 6 30 
6 12 -16 
1 -14 -29 
-13 27 28 
-13 15 21 
-5 -11 -15 
2 26 -30 
15 -17 -20 
-8 14 -22 
-1 24 -26 
-12 -27 -30 
6 10 17 
7 -11 -13 
-5 9 29 
-5 -11 13 
-1 10 -17 
19 -22 -29 
4 -6 -9 
-13 -18 -20 
6 -14 -24 
2 17 -21 
-5 7 10 
-11 17 -27 
-8 -14 29 
1 19 30 
-2 17 -20 
2 -9 -18 
-4 -9 19 
2 -9 16 
-8 -9 -30 
-9 -17 27 
-2 -6 26 
-7 9 -12 
-3 6 14 
-4 14 -25 
-14 15 -16 
-10 11 -14 
3 -10 -16 
8 -14 -29 
11 12 -24 
12 26 28 
13 17 -27 
-2 -4 -29 
-4 -18 -21 
14 24 27 
7 15 -18 
-1 -16 25 
4 9 12 
-4 -5 15 
-8 17 19 
5 -6 -22 
12 -15 -30 
-9 -10 30 
-5 -21 25 
3 -4 26 
-3 4 18 
-2 13 -26 
10 -13 -19 
4 -11 29 
-5 9 -27 
-3 22 -24 
-5 6 19 
15 25 -29 
15 18 25 
-3 -23 -24 
-10 14 27 
3 -7 25 
14 25 -29 
-1 -2 -12 
10 -23 -28 
-1 -8 -9 
2 4 17 
-26 -27 -29 
-2 13 -16 
-10 -13 -19 
-6 -9 -19 
19 20 25 
12 18 -25 
-1 10 -29 
9 17 -24 
-2 -19 27 
