-8 15 28 
-10 -18 25 
-3 -13 -29 
-10 23 -26 
-4 21 28 
6 -18 23 
-4 7 12 
19 20 -23 
13 18 23 
-5 15 -18 
-1 8 23 
-3 -7 20 
-14 23 26 
11 17 18 
2 -21 -24 
-13 16 -25 
-4 19 25 
-22 24 -28 
20 -23 26 
-11 17 -26 
-1 6 -14 
5 12 20 
4 11 19 
6 -9 14 
1 9 27 
-11 24 -25 
11 -16 -19 
15 -21 28 
-2 16 21 
-3 -25 -26 
3 -16 -18 
9 -16 -21 
6 15 -18 
12 18 -24 
-13 16 27 
-10 28 -30 
9 22 -26 
-8 15 19 
15 19 -26 
8 13 27 
4 -8 -14 
12 -18 30 
6 -13 -19 
5 -8 20 
-13 -20 26 
17 -25 -30 
-1 17 -29 
23 25 -28 
15 -19 -21 
4 -10 -19 
2 -18 -20 
-9 14 -29 
9 20 -25 
-8 11 -13 
8 11 -27 
2 -9 -10 
7 -20 -21 
-18 -20 -23 
9 -27 -30 
-14 -20 24 
