-17 28 -49 
-23 42 43 
-11 20 -39 
5 10 23 
-44 48 -50 
19 37 -38 
-27 -30 -47 
-7 -16 44 
-17 25 -31 
7 25 37 
5 22 48 
-11 32 39 
-3 -17 18 
-18 -34 43 
23 33 47 
-2 -12 20 
5 11 -39 
10 -29 39 
12 20 -38 
15 23 24 
15 23 -28 
-13 21 -41 
17 26 37 
2 -15 -23 
9 -18 -34 
-1 13 27 
6 -8 -14 
-12 -16 -22 
7 -22 -35 
9 -35 -49 
15 25 29 
-23 -26 -29 
-19 -21 -45 
-21 -33 -48 
-22 -29 -45 
34 -44 -50 
-4 -33 49 
4 38 42 
-3 6 20 
16 -25 27 
20 35 -41 
-2 17 30 
-22 31 49 
27 49 50 
1 -21 36 
1 8 -17 
-13 24 29 
7 28 -39 
20 22 47 
2 39 -44 
7 12 -28 
7 -18 -27 
-12 25 -44 
-23 42 -48 
2 -17 20 
12 -13 -21 
-6 27 -47 
17 -18 -34 
-9 13 49 
-1 14 15 
12 -22 -26 
21 45 47 
19 36 47 
15 23 -40 
-21 -45 48 
-17 23 -31 
-2 10 18 
7 -25 -48 
-4 -29 48 
-12 -43 49 
7 -17 20 
-16 44 -48 
17 26 -50 
17 -23 48 
-10 32 -47 
10 -12 50 
-19 -27 37 
-19 -29 35 
-23 26 27 
9 -22 35 
-26 -31 43 
-25 37 48 
6 14 -44 
3 -45 49 
-16 -43 49 
-4 -38 45 
1 5 11 
15 -25 49 
-17 27 -49 
-39 -40 49 
-4 19 43 
4 10 -20 
21 43 -49 
-15 -31 -43 
-3 6 -8 
-7 32 47 
6 9 -41 
-5 7 -20 
20 -32 -37 
8 -38 -42 
14 -31 45 
-4 -45 -50 
-25 33 48 
-20 33 -45 
15 -18 -48 
10 -22 23 
3 -10 22 
-9 -27 -48 
-13 22 -42 
11 -30 47 
-4 -12 35 
-13 24 -47 
-5 -29 45 
4 -12 -35 
33 -43 -45 
18 -22 48 
5 39 46 
19 24 28 
-15 19 38 
6 7 -8 
7 22 49 
-16 -29 -45 
-7 27 47 
-7 37 -42 
-26 -33 -42 
18 26 50 
20 22 -38 
30 -44 50 
13 36 -50 
-11 -13 -18 
23 33 42 
13 -17 36 
-24 25 41 
-20 22 23 
-2 -12 -29 
1 2 12 
26 -32 43 
10 21 -47 
-13 14 -35 
-34 38 -44 
-1 -16 -30 
13 27 33 
4 28 -29 
-12 17 -29 
12 27 -48 
-3 28 35 
10 26 -41 
-9 20 -22 
1 23 -35 
3 -7 15 
4 9 -46 
5 -20 29 
20 34 45 
13 -16 -28 
-2 -7 -28 
-8 -21 49 
34 36 -42 
9 35 36 
5 -23 -25 
-25 -34 -45 
-23 25 -29 
23 -44 49 
28 -34 46 
7 -19 -21 
-13 25 -46 
18 -41 42 
4 10 -48 
21 46 49 
18 30 -41 
29 38 45 
41 -47 50 
-6 -28 50 
9 -31 -32 
24 -28 41 
-5 21 -45 
-1 -22 -34 
17 25 31 
3 -30 40 
-3 37 -44 
16 23 36 
