12 -57 58 
9 -29 53 
24 53 -61 
-11 -20 33 
-6 -20 60 
-18 -51 52 
18 26 37 
-25 33 44 
3 38 53 
1 -56 61 
5 29 -66 
30 -33 50 
-14 -35 -60 
-8 -52 64 
-23 -24 26 
15 -42 -45 
-4 -42 62 
-3 -5 -64 
1 -30 -48 
3 53 63 
-39 -54 56 
11 -58 -67 
3 -40 54 
11 56 -65 
-8 22 43 
9 -26 45 
-28 -52 55 
-39 -51 -68 
-24 -51 59 
4 -39 44 
3 5 63 
-4 27 35 
-11 42 -47 
18 19 -58 
9 -28 -58 
-3 22 53 
21 -23 -32 
-16 -20 -31 
13 -34 -65 
-24 -30 44 
6 29 50 
10 -23 58 
-1 -42 58 
15 -59 65 
-17 34 56 
-3 -10 -62 
5 36 56 
-55 58 -67 
-18 23 -37 
4 20 -57 
27 51 62 
25 -26 39 
2 -3 37 
15 54 56 
-40 45 52 
-2 49 57 
15 -20 51 
4 -35 -47 
-34 -37 50 
15 35 53 
25 -34 57 
4 -36 -49 
52 57 62 
12 -18 -25 
1 30 -38 
-14 40 55 
-15 -28 43 
-22 45 52 
1 -21 -39 
-14 -29 -39 
9 -37 43 
-27 -38 -53 
9 20 69 
-11 21 66 
17 21 -65 
22 -26 28 
7 32 -66 
-12 -36 42 
-30 -36 51 
36 50 54 
14 17 -70 
-1 42 -66 
9 20 -25 
-3 -18 -66 
-15 -44 -57 
40 49 69 
-57 65 69 
21 46 56 
-21 -25 67 
-5 37 55 
17 -21 68 
17 29 48 
24 38 40 
-17 -27 53 
-39 48 66 
-34 -42 59 
5 -15 65 
-35 -62 67 
4 6 26 
28 -48 59 
-37 58 66 
-29 -32 -52 
-2 -47 -69 
14 -34 70 
-14 19 -50 
5 -7 40 
7 42 52 
23 -66 70 
-45 -49 55 
41 56 -62 
-10 -47 -60 
11 -40 -50 
34 60 -67 
12 -33 -55 
1 48 61 
9 45 63 
-9 14 25 
-40 45 -46 
-19 -46 -54 
-32 34 57 
-11 16 52 
6 -39 -59 
21 -56 -57 
-9 49 63 
-8 27 -53 
18 -28 -56 
-13 -59 -69 
5 23 -29 
3 -21 47 
-11 -30 -64 
-22 31 45 
16 -34 -64 
-7 -52 63 
28 38 -64 
-5 -7 70 
15 -34 -50 
6 61 62 
24 -33 44 
37 -51 65 
-27 34 39 
2 47 68 
-57 -59 -68 
-37 43 54 
-8 -58 65 
-28 -32 -41 
-6 11 62 
5 27 51 
-2 -21 -41 
22 -64 -70 
-31 34 -36 
8 -50 -70 
28 50 51 
4 -14 -47 
12 15 -66 
6 16 49 
25 -58 -59 
3 25 -47 
23 28 65 
38 43 -66 
-14 15 -39 
7 -20 22 
-26 32 -67 
-18 -33 -69 
7 12 -66 
-1 -32 40 
27 -58 61 
-29 -52 66 
-8 -15 -57 
43 49 -53 
44 58 62 
16 21 66 
29 -40 -57 
19 -51 61 
7 9 50 
-10 35 62 
2 24 -51 
-33 44 -52 
22 -23 -51 
30 -38 54 
6 41 -47 
25 -52 -56 
-5 15 23 
19 33 -49 
21 -46 -68 
-21 26 44 
23 39 -41 
-9 26 28 
-40 46 -65 
-35 51 -52 
-9 -58 62 
-55 64 68 
-7 48 -67 
31 32 59 
-5 38 -68 
21 26 47 
-23 27 -39 
25 -51 -57 
-4 -27 -35 
-9 -30 -47 
-20 57 65 
-8 17 -27 
6 27 -40 
10 38 -43 
-16 -24 -43 
25 31 47 
-14 -15 -28 
14 -39 -69 
22 -30 -44 
-45 -58 -62 
26 -55 61 
8 11 -34 
-33 -65 68 
1 -12 -18 
-14 -46 -64 
48 -61 -62 
-12 46 -47 
-17 -28 34 
-33 46 50 
-47 -59 -68 
-11 17 70 
13 -16 67 
11 -47 65 
-41 -59 68 
-6 19 56 
-25 41 55 
15 -43 -65 
-2 -58 62 
-29 -57 -60 
-35 -38 -46 
-18 30 -68 
20 60 68 
-9 -33 36 
-11 -23 25 
9 22 -56 
1 -20 27 
-13 -50 -65 
-23 34 -35 
-35 40 53 
-15 -25 -35 
28 50 -70 
-2 -62 68 
-11 -30 41 
24 30 -65 
2 30 52 
21 -27 -46 
-7 45 65 
-34 41 -47 
-30 34 -42 
-40 44 46 
-2 15 -41 
9 -25 -70 
49 -52 53 
-20 40 52 
-24 44 -54 
2 -15 -69 
10 27 28 
7 -13 -59 
29 51 -70 
21 -60 -68 
-6 -38 50 
-31 -34 35 
19 23 57 
1 18 24 
-2 -18 -50 
-15 -52 66 
1 -15 -26 
1 -44 -57 
-8 -14 -15 
-10 -37 70 
1 19 -31 
16 42 -65 
15 28 -45 
3 30 -58 
9 -51 52 
-14 37 -41 
30 -36 -49 
-2 40 -58 
1 -34 36 
-14 52 62 
1 23 -29 
-19 -32 35 
13 62 64 
8 -17 -35 
-5 -11 63 
37 -46 69 
-3 -16 21 
10 55 63 
