-33 37 -65 
-5 -56 67 
-15 45 -50 
19 24 -39 
-3 -54 61 
37 -61 66 
10 -43 -46 
-5 -23 50 
3 7 -64 
2 -22 51 
7 44 -62 
15 -32 63 
-12 20 -59 
15 -43 -61 
15 -34 -69 
7 18 69 
42 -48 -64 
-23 -28 60 
-53 60 68 
5 39 -58 
-22 -23 -39 
-53 69 70 
-39 -54 59 
-24 33 49 
3 4 45 
11 -42 -47 
5 -32 50 
-20 37 48 
-3 13 24 
-12 14 -28 
-26 -35 -46 
7 -46 67 
39 40 66 
-3 45 62 
11 -24 -47 
2 -11 21 
-14 48 -49 
-1 -34 45 
6 -15 54 
24 38 50 
-15 33 51 
1 -16 -69 
-22 49 -67 
-21 47 60 
-12 -17 27 
-39 59 -67 
32 -44 58 
40 50 56 
-34 -48 64 
32 -49 -61 
-28 -30 52 
14 -35 -47 
14 44 59 
-1 -15 -58 
9 35 -65 
13 32 61 
13 46 -53 
-31 41 -60 
-12 -43 47 
-3 -28 -43 
31 -37 60 
1 -13 -38 
-24 53 64 
-11 -26 -43 
21 -54 -67 
-29 -58 69 
8 12 -43 
5 -14 -38 
24 35 -70 
-12 16 -66 
-5 28 68 
-4 -6 -25 
-59 60 -70 
-9 -44 56 
7 -20 -59 
3 -16 -65 
-38 -56 61 
18 -48 -52 
37 49 -69 
4 16 60 
15 -18 65 
-48 -55 -70 
37 -59 61 
8 -28 43 
54 -55 59 
27 -28 -46 
-11 -22 36 
3 -13 22 
17 -36 -61 
30 -35 66 
32 -39 -62 
-21 -36 -52 
-26 -28 68 
14 -34 55 
11 -38 -51 
-12 -41 -61 
36 -64 69 
-38 46 -56 
-2 11 48 
1 48 49 
-24 35 -57 
-5 9 62 
29 -33 -50 
-9 -13 47 
3 -31 -35 
3 38 62 
-17 35 46 
1 27 -55 
-20 51 -64 
-4 -42 -47 
-5 6 -8 
47 -49 -54 
-7 -23 -51 
15 -31 -36 
-9 -37 -48 
-31 -47 70 
38 43 56 
41 45 -69 
1 -9 -49 
14 61 -68 
21 55 58 
-40 -59 61 
3 15 -17 
-6 7 -64 
5 17 -44 
-29 53 -70 
3 -14 -22 
36 -37 41 
13 -34 -57 
-7 -30 47 
-38 46 68 
6 -7 23 
-12 41 -65 
3 -39 67 
-38 -40 44 
1 57 -70 
11 -43 -44 
9 -39 41 
7 57 58 
-32 51 -56 
-12 49 -68 
-24 -36 62 
16 31 41 
8 -10 -35 
-5 -30 52 
12 16 -65 
23 -46 -59 
5 6 66 
-4 -29 37 
-10 12 -19 
30 -35 -56 
-32 -48 -56 
9 12 66 
-11 -16 43 
-8 25 -67 
-11 27 60 
32 33 -62 
-7 50 59 
7 21 47 
17 -35 36 
3 25 58 
2 -55 60 
18 -37 44 
22 35 44 
-3 24 62 
-13 -64 -70 
35 -65 67 
-30 42 -48 
-1 10 30 
18 -20 -42 
17 -20 69 
5 -28 68 
13 -26 31 
-6 -26 34 
2 10 49 
-5 63 66 
-21 46 58 
-36 -43 53 
52 -54 66 
3 -33 -67 
-16 26 39 
-21 -60 67 
-2 -6 40 
-19 43 60 
-21 -41 64 
15 -35 -43 
-12 44 -70 
18 -25 28 
16 -45 67 
16 -19 49 
4 -17 -19 
9 -54 64 
42 -52 -56 
14 15 70 
15 -21 46 
14 -21 41 
19 29 33 
-51 -54 -65 
-55 61 -63 
13 34 -61 
-19 -44 -66 
-30 -50 -54 
-3 -5 10 
-16 29 52 
-56 -58 -60 
-3 -36 63 
29 -30 47 
4 12 -62 
-16 46 61 
11 33 53 
14 -21 70 
2 -21 -22 
35 45 -64 
9 -16 17 
-12 -27 39 
23 26 -53 
-22 27 59 
-17 -39 -50 
-5 19 -46 
4 54 -66 
12 38 46 
12 19 35 
13 40 57 
-27 -42 -48 
10 14 29 
12 47 63 
-15 19 -69 
-15 20 62 
-38 -50 -61 
-7 47 -67 
-14 -40 55 
-9 48 -61 
18 -34 -39 
-59 60 67 
-20 -57 61 
16 30 -56 
24 -25 39 
-22 -29 -62 
23 -25 -63 
42 51 -59 
6 60 -65 
13 -32 39 
-24 34 -54 
-13 48 -55 
-7 16 -29 
14 18 -21 
-18 -20 50 
-7 -17 69 
32 43 -64 
-6 48 59 
-21 -25 -32 
-13 -32 -58 
-60 -65 -68 
-2 30 -65 
-1 -24 35 
43 57 -60 
1 -11 26 
-25 -54 57 
4 6 -32 
-49 -65 69 
-52 -58 -67 
-6 -60 -62 
11 36 -49 
14 54 65 
-14 51 -58 
30 37 49 
10 16 -56 
2 -11 45 
15 -17 -67 
37 52 -54 
-11 20 -41 
-30 38 63 
20 31 43 
8 54 58 
-6 19 39 
2 12 53 
11 -18 39 
4 41 47 
-11 -42 59 
-23 50 53 
-29 54 61 
-5 18 22 
-15 57 -61 
31 -44 -62 
-9 -21 -38 
4 15 28 
-41 -42 -51 
-3 12 13 
-19 34 36 
2 21 45 
17 -69 -70 
13 -15 51 
11 -12 -13 
3 -8 17 
-21 -38 43 
-24 -43 59 
22 27 -44 
5 -16 70 
-13 34 -47 
-30 -50 -66 
3 12 -53 
-11 -43 65 
7 26 46 
23 27 -48 
6 -42 61 
-16 25 54 
-10 13 -27 
-6 -25 40 
-14 39 -51 
-56 61 -68 
-25 28 -34 
6 -11 -52 
-39 -51 -53 
8 40 -65 
15 37 -50 
-38 54 61 
27 34 -39 
-6 55 -70 
-11 -40 -52 
31 62 67 
11 18 -40 
-22 -24 -39 
-48 -58 65 
-34 -39 -59 
-5 16 -56 
33 -60 -65 
8 28 -54 
16 17 52 
7 -44 -55 
30 -34 45 
19 35 58 
-11 -50 53 
8 -41 68 
1 4 66 
-36 -51 -69 
-15 -31 49 
16 45 66 
-8 -27 -31 
10 17 70 
-14 23 -51 
-3 8 -22 
13 -29 -64 
21 -33 -70 
-9 -29 43 
-29 -30 -56 
2 -29 -70 
32 39 40 
12 45 -70 
28 -54 -61 
8 -25 34 
19 -58 70 
21 -27 44 
-39 45 59 
16 -17 -56 
-38 -40 48 
-20 -25 -39 
-6 48 53 
5 -28 45 
-7 11 59 
19 28 -46 
1 5 -65 
2 33 40 
2 7 -14 
4 -14 -24 
-24 30 42 
1 -30 50 
18 -37 -70 
-27 -53 61 
1 -16 17 
39 -68 -69 
13 -30 62 
-30 -32 70 
23 27 -29 
-7 -9 47 
-13 23 -44 
8 24 52 
-19 -24 28 
6 -64 -67 
-25 -27 42 
40 57 -63 
-20 59 68 
-21 34 -68 
-41 -54 66 
14 -25 -70 
-20 -27 47 
-7 -60 -64 
-18 31 -46 
-45 59 67 
-20 31 50 
13 -48 65 
22 -31 48 
-1 13 17 
12 -56 -62 
35 -46 48 
15 47 -50 
-40 -61 68 
1 6 -60 
-11 33 56 
32 -45 59 
4 -5 45 
15 22 -69 
16 31 60 
8 -58 -70 
-20 -43 -44 
24 48 67 
42 50 -68 
24 -53 64 
-13 -33 -62 
20 -21 -26 
-10 -44 -52 
4 -41 -59 
-49 -65 -70 
14 54 61 
2 -31 -37 
6 -10 -45 
35 -45 60 
-4 12 -34 
2 -22 -59 
21 -60 62 
-33 43 -54 
-1 21 35 
16 -24 28 
10 -24 -53 
-44 -50 68 
-20 60 -62 
36 -55 64 
-14 15 -25 
-18 67 68 
37 38 47 
31 -35 62 
-19 42 -70 
-17 -27 59 
-27 44 65 
-17 -30 -47 
2 21 63 
-19 -28 -37 
20 -54 -65 
-26 -40 69 
-18 62 -68 
13 -34 -40 
7 -47 49 
-3 -35 -36 
27 -32 -59 
1 16 -47 
59 -60 65 
-3 -14 -55 
-59 -63 -64 
-3 9 63 
14 53 -55 
-17 29 69 
27 -52 -64 
6 -44 -48 
38 -60 -67 
-37 54 55 
-8 -10 42 
