-16 -32 -37 
-8 18 -38 
-4 -32 -58 
-47 59 64 
9 48 -66 
-9 42 -64 
-44 59 -66 
26 48 58 
-35 -57 -59 
19 33 47 
10 -27 -45 
22 -51 61 
42 43 -58 
15 21 -56 
-25 55 70 
-11 58 65 
-33 39 69 
6 7 -19 
-34 52 61 
-4 50 -54 
37 -60 68 
-10 11 -63 
-23 38 70 
-13 64 -65 
-12 -14 15 
35 -41 -55 
-30 54 69 
9 31 57 
3 31 40 
14 -22 62 
2 18 -68 
4 -41 65 
-9 22 -65 
-12 -32 -38 
-5 -13 -36 
16 -25 50 
44 46 -58 
47 -48 62 
-40 41 -44 
4 -45 49 
12 -13 -55 
-10 61 67 
-10 -65 -66 
1 31 65 
-14 30 51 
-18 -51 66 
22 -55 -61 
29 35 -45 
-5 14 -52 
-19 26 -28 
-27 63 -68 
21 -36 49 
-42 46 -50 
-23 -37 58 
14 44 58 
-32 -53 -62 
-5 10 -15 
58 60 68 
-40 -59 -62 
11 -56 -61 
-35 39 43 
9 -26 31 
-8 48 68 
24 -31 -47 
-1 -50 57 
-26 30 69 
11 59 61 
36 -57 -62 
8 22 -29 
33 38 68 
21 35 68 
8 -19 27 
13 21 -59 
-47 50 65 
-7 10 -32 
1 -21 -68 
-38 -51 -54 
9 27 -65 
1 2 31 
-21 -44 -52 
-45 46 -50 
28 52 58 
1 38 -69 
20 30 -38 
-1 56 -61 
-27 -36 50 
7 52 60 
-26 -34 -56 
-22 31 -36 
-51 59 68 
-19 -26 -57 
35 56 -68 
7 51 -68 
5 6 26 
-2 12 54 
21 -22 64 
21 -25 46 
35 -36 -42 
-12 -15 -65 
45 59 61 
-6 -31 -44 
-12 -15 20 
12 -30 -52 
34 46 67 
22 48 -54 
-3 -18 -57 
28 59 -70 
-8 36 37 
-5 -44 -48 
-9 27 60 
12 -50 67 
-1 3 -67 
-11 34 -39 
20 -56 -70 
22 29 38 
3 -13 31 
-21 24 -57 
35 -47 -50 
2 55 60 
6 12 69 
4 -41 46 
11 -60 70 
-20 -21 60 
13 35 66 
-6 25 -29 
15 42 -46 
-7 -28 -62 
-24 -37 -62 
6 -34 36 
41 51 -54 
3 51 -65 
-12 39 51 
1 -8 -27 
14 -29 -64 
-17 -35 -41 
-21 25 -70 
27 35 62 
-15 33 56 
-35 -41 66 
-8 -9 -42 
41 -59 63 
1 -38 61 
28 -64 66 
-12 -23 -36 
18 -20 56 
6 23 -37 
-5 -27 -32 
-13 -52 59 
-10 39 47 
-22 -58 59 
-5 38 -61 
16 41 61 
27 40 -59 
18 -33 49 
-17 27 62 
-6 -29 33 
-34 -42 -51 
27 -42 -47 
18 -67 -70 
-18 -54 66 
22 -56 59 
-7 -28 -33 
4 23 40 
12 -35 -52 
3 -25 51 
-9 16 -17 
1 10 35 
-17 22 -69 
20 -60 69 
27 38 55 
18 39 43 
-54 -65 -67 
21 41 -66 
8 35 -48 
-5 -7 -64 
13 17 -27 
17 -20 43 
-3 -5 -16 
-5 -34 43 
-2 -8 -17 
-35 46 62 
17 56 67 
-25 52 69 
1 -7 -57 
-6 -60 -62 
33 -38 42 
23 37 41 
12 -50 53 
50 -66 -68 
35 54 -67 
-20 33 38 
-33 34 -52 
-6 -21 23 
-6 -46 61 
-8 17 68 
6 -44 67 
45 49 50 
-20 44 66 
46 59 -69 
-6 35 -68 
43 -47 57 
1 16 51 
-4 -25 -46 
-4 31 -32 
-35 -57 -60 
13 30 41 
-4 -20 -65 
13 26 60 
-11 12 13 
-37 -41 -55 
13 -65 -70 
35 -39 -49 
27 -33 37 
-9 15 39 
-17 36 -39 
-28 -34 35 
7 38 -66 
-10 31 63 
-3 40 54 
28 -34 -61 
-35 -39 -60 
2 -18 56 
12 15 -64 
24 52 63 
-7 -8 -28 
-8 28 42 
-17 -24 -62 
-23 37 68 
-13 -22 -56 
34 50 -63 
-11 14 -59 
-10 15 -40 
4 43 53 
-14 -40 61 
19 20 -31 
-22 68 -69 
-1 -6 -53 
2 40 48 
13 -18 -68 
19 -33 44 
13 30 46 
26 48 69 
-1 -19 46 
59 -60 -61 
16 -29 64 
3 -54 58 
9 38 -70 
8 -56 -60 
-12 16 -26 
12 -25 67 
-44 -54 -67 
-29 31 -57 
26 -62 -66 
6 15 57 
-1 40 41 
43 60 -63 
23 24 -69 
43 -65 66 
9 32 -52 
18 42 -43 
14 27 52 
-31 -44 -68 
-27 -42 66 
-14 -16 42 
-15 27 44 
-7 -62 66 
21 25 -27 
-10 -55 65 
29 -56 -62 
-4 -5 64 
-17 -46 -62 
30 -46 -64 
2 -16 -40 
18 26 63 
25 -63 -64 
24 58 -64 
12 -13 -45 
13 21 -39 
21 -59 -64 
-16 -30 -45 
1 -10 -44 
-12 31 -70 
5 32 50 
-8 -27 -69 
-14 -56 57 
3 61 -64 
14 30 36 
3 56 68 
-16 -52 -59 
3 -23 -48 
-51 61 66 
17 32 57 
9 -24 66 
-23 -25 60 
-18 50 67 
10 36 55 
30 36 -61 
33 -65 67 
-24 -46 -68 
-15 -54 -67 
-6 17 -19 
-21 24 70 
33 -40 70 
-22 31 -49 
-21 34 -48 
3 -4 46 
16 34 68 
41 57 -69 
-30 48 61 
-38 -42 63 
-4 28 -30 
-10 -11 -23 
28 59 64 
47 -63 -70 
53 -54 -62 
-17 23 35 
13 -26 -70 
-8 -16 25 
-1 4 -34 
-45 -61 67 
27 56 -67 
5 9 -55 
