9 11 -15 
4 25 -30 
3 10 29 
-5 -22 27 
13 -25 28 
-12 -14 15 
-3 -29 30 
-19 -24 -28 
2 17 -22 
4 12 24 
11 13 21 
-3 21 23 
-9 14 22 
-3 18 28 
12 27 -30 
3 10 21 
8 13 16 
-16 22 -23 
7 -11 -22 
5 20 -24 
-15 -17 23 
-7 21 27 
12 15 -27 
-5 16 -30 
1 -11 14 
3 -19 -22 
-2 -12 19 
-15 -17 -18 
1 22 30 
-15 16 26 
-19 22 24 
9 -12 20 
-4 -5 10 
-14 -18 -30 
-18 23 26 
-2 17 20 
-6 14 -20 
5 24 27 
-2 -3 24 
-11 -18 -27 
-2 5 -7 
17 25 26 
-2 -12 -24 
9 -26 30 
-6 -14 -17 
-4 -8 -24 
12 -22 23 
-9 16 -29 
4 -17 -26 
5 13 17 
2 14 30 
-6 9 -14 
-21 24 30 
-16 -21 -22 
-4 19 21 
2 9 18 
1 -16 -26 
-16 17 22 
6 -15 27 
-10 12 29 
10 21 26 
-23 25 -29 
3 -5 -30 
8 -15 -18 
-18 -21 -28 
5 -17 29 
-11 12 27 
-13 -18 -28 
3 7 -21 
-4 19 23 
12 15 -22 
2 15 -26 
-7 15 -24 
-10 -22 27 
-15 -22 23 
-13 15 27 
-5 25 28 
-6 -17 19 
-7 -10 -21 
-18 24 29 
-9 21 29 
-14 -19 26 
-6 -22 -28 
-2 -3 -18 
-2 -10 -13 
-6 27 30 
-5 -18 -27 
18 -20 24 
-5 -26 -29 
-1 -14 -26 
-5 22 -24 
7 -20 21 
13 14 26 
5 7 26 
-8 -15 -17 
1 2 10 
16 21 -23 
16 17 -29 
6 26 29 
12 17 -30 
3 6 -13 
1 -9 22 
-13 21 -28 
-9 15 -18 
14 -15 -24 
13 -18 -27 
7 17 25 
3 -15 21 
-14 26 29 
6 22 -30 
-6 -9 20 
8 17 29 
1 2 -20 
8 12 -19 
3 -4 19 
1 2 -22 
-2 5 18 
17 -21 -26 
4 13 17 
2 8 -27 
-2 -6 23 
12 20 -26 
-12 13 27 
-3 19 -28 
5 17 -27 
10 -20 26 
-18 -19 21 
-12 21 29 
15 26 -28 
-2 -17 -25 
3 -6 -18 
10 22 -27 
18 -23 -29 
2 9 28 
-1 7 21 
21 24 25 
-10 -22 27 
5 -16 27 
-9 -13 -26 
7 10 -27 
-1 -3 27 
3 -17 27 
9 20 28 
-24 27 30 
6 15 20 
1 10 -21 
2 7 -29 
3 15 -26 
12 -13 14 
12 -14 21 
1 -9 18 
8 16 27 
15 17 28 
6 -8 22 
22 26 -30 
-19 24 -28 
10 -11 -30 
14 -15 30 
-5 20 30 
6 19 29 
-9 11 28 
2 -19 23 
-2 5 12 
-20 27 29 
4 -15 -21 
1 26 -29 
10 -12 -22 
6 20 -27 
-19 -20 28 
-7 -15 29 
6 9 15 
4 -13 21 
11 15 30 
16 21 -27 
16 26 28 
2 9 26 
-13 20 22 
7 12 -17 
-6 -23 27 
5 17 29 
5 -6 -7 
-3 4 -20 
15 -23 26 
15 -16 17 
17 23 28 
-7 -19 -21 
6 8 10 
10 19 22 
9 -13 -18 
2 -3 16 
-4 -8 -27 
-2 -8 -22 
