-35 49 -70 
2 25 -45 
-2 -9 -16 
2 16 21 
-47 -58 61 
-2 -25 -29 
18 -33 -41 
5 14 23 
16 -18 -58 
-20 27 -52 
-24 -29 64 
2 -16 -41 
14 -29 -32 
-39 55 -67 
-14 25 51 
5 -18 -66 
-28 35 52 
13 -18 -50 
-40 -56 65 
-41 43 62 
-13 -52 56 
28 31 -33 
-19 -59 -62 
36 40 -65 
-36 -46 -49 
-1 -29 57 
6 -52 -61 
-7 -32 -53 
-6 -48 52 
-21 -39 44 
-6 -8 24 
-16 59 -65 
38 42 -48 
18 25 47 
24 -42 -54 
30 -59 65 
23 33 55 
10 45 60 
-1 5 -17 
21 42 -59 
19 30 -61 
16 -17 -26 
11 -45 52 
16 -55 61 
-16 -20 50 
2 7 -53 
11 53 57 
-14 -40 -62 
-27 -46 -53 
-38 -42 -68 
4 -33 -50 
-17 -20 54 
22 -50 59 
8 -49 -65 
-20 46 -61 
-1 -3 15 
14 -45 61 
-11 25 -61 
13 20 -59 
-14 15 -51 
-34 -37 51 
-3 -41 67 
25 -33 -35 
-10 -59 67 
30 44 61 
29 43 54 
21 -47 61 
3 -17 21 
-9 -40 -51 
-17 35 55 
16 -29 65 
-7 -22 -31 
17 20 27 
-8 -34 68 
13 43 59 
8 -31 60 
-5 -30 -64 
14 -56 59 
6 19 40 
13 -20 -28 
-18 -55 70 
44 51 54 
15 -63 64 
-28 -61 -67 
3 21 -53 
27 -37 64 
33 -55 56 
1 -12 26 
6 -20 -42 
-18 -35 60 
28 -44 57 
-6 -21 47 
27 -29 -49 
-1 -35 -70 
-4 -42 -70 
-3 23 39 
14 -21 61 
-18 57 -69 
19 26 45 
6 -29 -47 
3 -13 -14 
5 12 53 
45 -50 -56 
1 51 -57 
23 -42 70 
-27 -44 -63 
45 54 -69 
-6 -53 -56 
8 19 -33 
16 -56 -61 
-8 -22 50 
33 61 -65 
10 68 69 
-11 -26 57 
16 22 -32 
11 37 57 
12 16 -57 
-30 -56 -68 
20 -21 -43 
-43 -64 -70 
14 -33 41 
-17 18 70 
-54 -67 69 
-28 36 -40 
6 9 -39 
2 37 54 
31 50 -60 
1 -15 19 
-22 48 -50 
19 26 -69 
20 -47 55 
-36 57 67 
10 58 63 
-14 -21 67 
14 -23 45 
-2 -30 -60 
-30 44 51 
-3 19 -36 
1 -42 60 
-24 -35 -43 
-38 -44 -57 
5 -11 -21 
12 45 -57 
22 -32 -33 
5 -12 -46 
35 37 -64 
4 11 58 
56 64 -65 
-4 10 59 
26 27 55 
-23 -29 43 
14 57 -63 
-28 -40 -56 
-12 52 58 
-18 34 -55 
-2 -30 65 
8 45 -47 
16 -41 51 
15 -25 45 
13 35 46 
4 16 32 
2 -37 62 
19 -56 62 
22 -25 -57 
7 44 -45 
-1 27 70 
2 40 53 
-13 41 -57 
6 31 -62 
-29 47 -60 
-16 -35 -67 
-3 24 40 
-3 18 48 
7 47 -50 
-4 15 49 
-18 -47 -62 
15 -52 60 
-20 33 50 
5 32 -34 
6 26 -47 
-5 -20 22 
40 61 65 
-16 48 -70 
21 34 -42 
4 -30 63 
14 27 -68 
-6 19 46 
-30 39 56 
-4 9 31 
-4 19 62 
1 4 -12 
-5 20 32 
31 -35 -45 
21 30 -58 
-2 -30 -70 
-10 23 31 
4 43 -46 
16 -27 -30 
-37 66 -69 
-2 10 50 
-5 16 -58 
-10 -39 -69 
-24 55 58 
35 61 -65 
-5 -17 -55 
-13 -16 -66 
9 27 42 
18 -21 -55 
-4 -7 -44 
-18 34 44 
-2 37 -49 
7 -12 49 
-14 15 -27 
16 -39 -58 
18 24 -26 
-15 -44 -66 
-1 16 -18 
-4 -58 60 
23 32 -70 
-20 38 51 
7 -19 65 
17 -37 -67 
-7 -40 -58 
-5 -32 49 
5 44 67 
-2 -5 -47 
4 -31 -61 
-7 11 15 
-4 -42 -43 
-12 -29 -35 
-57 64 67 
31 -40 68 
25 -39 -51 
-17 39 49 
33 -55 -70 
-7 33 42 
-30 -38 -64 
-27 54 -64 
5 -35 -43 
11 12 -32 
-18 -25 -53 
-30 -53 -64 
32 47 59 
-6 23 37 
-2 48 63 
30 31 -56 
-15 21 57 
35 -46 -59 
-5 -37 -47 
-35 64 65 
-7 -16 -39 
27 33 47 
-22 -46 48 
-20 -38 69 
25 42 56 
11 38 -48 
26 -47 57 
8 10 50 
1 -29 59 
-3 -10 40 
4 -16 64 
38 41 53 
-9 -21 -70 
-13 32 41 
14 -68 70 
37 60 -70 
-13 16 -33 
14 -33 -35 
14 26 -60 
-19 39 58 
-2 -3 68 
10 -47 -48 
-6 -16 37 
4 -39 -64 
-44 57 70 
20 26 -64 
21 32 -60 
-10 18 -67 
-4 -32 -49 
-33 -37 63 
2 -26 48 
-2 15 57 
-26 28 -29 
4 10 47 
-26 -34 43 
4 18 -68 
-31 60 -68 
6 26 61 
-19 -24 51 
18 54 57 
-29 -39 44 
-24 -41 59 
3 7 -12 
19 -25 -56 
-12 49 52 
16 -47 68 
-44 -66 70 
2 -8 35 
-9 -20 60 
-32 -48 70 
-9 -30 67 
-24 -26 65 
9 27 45 
-18 25 27 
-22 30 -57 
-8 -57 -61 
23 42 52 
-3 -32 45 
