-1 19 -49 
15 -28 -44 
10 33 -45 
6 17 -37 
3 -5 -17 
6 -28 35 
28 -32 -37 
7 -21 44 
5 37 -38 
-2 -21 24 
-6 34 -50 
-11 16 -18 
13 15 -18 
-20 21 -50 
-3 8 -29 
-9 -32 -45 
-9 16 -26 
-1 -15 -47 
14 23 27 
42 44 -49 
5 -30 -40 
10 21 22 
-19 -41 -44 
-24 32 -48 
-19 33 -43 
1 -23 -41 
-4 31 45 
6 15 16 
-3 9 -25 
-30 -34 -41 
3 22 -38 
14 -36 -49 
-13 -46 -48 
28 32 -40 
25 -26 32 
22 -42 -45 
28 -29 32 
-11 -17 -23 
-27 -30 -44 
33 -43 46 
-2 -4 -44 
21 -26 -29 
-6 23 -29 
-27 29 -40 
13 21 25 
3 7 -10 
-4 5 -24 
16 -25 -49 
-2 9 -40 
-13 14 -20 
-6 7 -42 
6 -8 -28 
-1 21 -48 
-13 -17 38 
-1 -24 -35 
-20 -26 -37 
2 4 21 
1 25 -30 
4 17 27 
-23 -24 -40 
-26 -39 41 
-25 46 47 
-10 34 -49 
40 45 49 
4 -19 28 
-17 38 -44 
-19 28 43 
-3 41 42 
-8 -27 -37 
-11 -15 -43 
31 -39 -43 
-25 -27 45 
11 26 38 
21 33 -38 
6 40 42 
11 -13 -22 
-5 -27 -35 
-17 -20 -31 
32 -34 36 
-19 28 -39 
-2 18 -28 
-22 -29 -45 
25 -33 -38 
8 9 -32 
-25 41 43 
23 26 -30 
12 33 44 
-19 33 48 
9 28 48 
-10 -24 27 
-1 -2 14 
-2 -7 -15 
-4 32 34 
-1 2 7 
-2 -19 28 
5 -35 -48 
25 -32 -48 
-2 30 48 
4 -28 36 
6 10 -22 
-10 18 45 
-22 -24 -38 
-12 24 -45 
1 -5 -10 
-8 10 16 
-1 -25 46 
6 40 -41 
-14 35 38 
6 25 45 
7 30 -33 
