-18 -40 47 
5 21 -46 
-16 -44 -45 
11 -16 35 
-2 -8 49 
-3 5 9 
-3 25 -47 
-6 -21 29 
16 38 -46 
-28 -39 -41 
8 9 -17 
-1 -21 -30 
-9 -20 -28 
-13 -17 -41 
2 -21 34 
-5 -6 46 
14 35 37 
-13 30 -45 
-14 -15 43 
24 -27 28 
13 16 41 
27 -37 50 
-15 -19 45 
8 32 -46 
-12 -17 -43 
12 -37 -41 
15 -23 47 
-6 31 47 
-16 45 -50 
-11 -19 39 
-4 -10 20 
-5 -28 -39 
-12 -27 46 
-6 18 40 
-20 -45 46 
5 24 -48 
-21 -28 -49 
5 -16 43 
14 -16 -33 
-22 28 48 
12 -13 45 
-15 -22 29 
35 42 43 
27 30 49 
2 -26 -41 
-36 -41 -47 
1 11 35 
16 -32 -43 
4 -22 -24 
-10 -15 17 
10 35 -41 
-6 30 45 
2 -46 48 
-11 40 48 
20 33 40 
6 -13 -31 
-6 -25 37 
-4 26 -47 
-2 3 22 
35 -40 49 
15 -26 -48 
-14 28 30 
-35 37 41 
7 10 -31 
-2 -29 42 
1 27 49 
3 4 7 
1 -3 17 
-3 -13 -21 
-21 27 41 
-3 -5 -10 
-25 30 48 
-33 -44 46 
28 -45 47 
-22 -32 -40 
8 26 -45 
30 -48 49 
9 -37 41 
15 23 -25 
28 -40 45 
-9 -15 -19 
-11 -38 -50 
5 -11 -40 
-16 33 49 
-19 44 -49 
-9 -10 49 
-13 27 -36 
36 37 41 
-35 -42 -50 
-11 20 28 
-19 -33 -39 
-9 12 13 
-22 27 33 
19 -24 -30 
-3 -9 38 
9 22 33 
-1 27 -34 
4 -10 -14 
-17 -28 -32 
-36 -37 41 
5 -15 38 
7 -29 -35 
10 -15 -48 
-6 23 26 
2 -11 29 
-2 -47 -49 
8 -25 31 
-2 -29 43 
10 18 25 
-5 -15 30 
16 24 -42 
6 19 -41 
11 21 -22 
16 26 -38 
-3 -16 32 
-41 42 -44 
3 -44 -45 
31 32 43 
-14 -19 -22 
34 -37 48 
11 30 42 
6 24 33 
-11 -27 50 
-4 13 37 
-20 26 -50 
-23 -31 44 
14 15 -31 
6 36 37 
7 45 -50 
3 -23 -34 
-18 25 47 
1 30 -50 
-1 -12 -17 
22 41 -46 
-12 -16 34 
23 37 -44 
-3 13 44 
-15 18 28 
3 9 34 
-11 22 25 
-29 -37 -45 
11 23 48 
1 -12 41 
-23 -24 -49 
-2 7 32 
-37 43 -48 
16 -29 -49 
34 -45 -47 
6 9 -15 
-12 31 -33 
22 28 -38 
-23 28 -49 
21 -40 42 
-10 -28 -47 
-1 -22 44 
-4 -20 -50 
9 -23 -47 
8 -26 30 
-10 -23 -25 
-5 -16 -26 
26 -33 -42 
-4 25 -29 
-10 -20 -25 
-1 18 -46 
-4 -34 -48 
1 -44 45 
-3 24 -41 
-27 31 -41 
-21 -34 43 
1 15 -23 
-4 -11 27 
17 33 44 
-21 -23 -48 
6 -14 16 
-21 31 -34 
6 -8 -17 
-15 -23 -32 
-2 -5 34 
4 9 -29 
9 -16 -43 
-23 -32 -39 
-13 41 46 
17 -18 -34 
16 -22 -46 
3 7 -22 
10 40 43 
-6 9 19 
-28 41 46 
-19 -24 -50 
-22 -39 -41 
-1 18 44 
35 -40 47 
-17 -23 30 
-2 -16 -44 
2 31 -50 
-23 -33 45 
24 29 31 
-8 -42 50 
25 41 45 
17 -29 36 
