-33 46 50 
-47 -59 -68 
-11 17 70 
13 -16 67 
11 -47 65 
-41 -59 68 
-6 19 56 
-25 41 55 
15 -43 -65 
-2 -58 62 
-29 -57 -60 
-35 -38 -46 
-18 30 -68 
20 60 68 
-9 -33 36 
-11 -23 25 
9 22 -56 
1 -20 27 
-13 -50 -65 
-23 34 -35 
-35 40 53 
-15 -25 -35 
28 50 -70 
-2 -62 68 
-11 -30 41 
24 30 -65 
2 30 52 
21 -27 -46 
-7 45 65 
-34 41 -47 
-30 34 -42 
-40 44 46 
-2 15 -41 
9 -25 -70 
49 -52 53 
-20 40 52 
-24 44 -54 
2 -15 -69 
10 27 28 
7 -13 -59 
29 51 -70 
21 -60 -68 
-6 -38 50 
-31 -34 35 
19 23 57 
1 18 24 
-2 -18 -50 
-15 -52 66 
1 -15 -26 
1 -44 -57 
-8 -14 -15 
-10 -37 70 
1 19 -31 
16 42 -65 
15 28 -45 
3 30 -58 
9 -51 52 
-14 37 -41 
30 -36 -49 
-2 40 -58 
1 -34 36 
-14 52 62 
1 23 -29 
-19 -32 35 
13 62 64 
8 -17 -35 
-5 -11 63 
37 -46 69 
-3 -16 21 
10 55 63 
-51 -53 -67 
2 18 -24 
-12 29 51 
26 34 -68 
-14 -20 70 
-6 -44 60 
-2 -41 66 
-13 -68 -70 
-23 27 -60 
-15 -38 -70 
-12 -39 56 
20 -25 -45 
-18 -52 55 
-9 -53 -62 
-21 -49 65 
-22 37 54 
-5 -15 61 
6 -20 -46 
-15 53 -69 
13 16 33 
-17 23 26 
-13 28 -53 
-39 57 -64 
-3 8 -63 
19 -46 -48 
-3 27 -52 
-37 49 -68 
-42 44 49 
-49 57 -67 
-5 -41 -58 
-26 -27 41 
15 -26 41 
8 -26 42 
10 45 -66 
27 33 46 
-3 27 -52 
17 24 -47 
-45 46 49 
11 55 62 
8 -36 42 
4 -17 56 
-28 -40 49 
-13 47 54 
9 26 62 
3 44 -66 
2 -18 -38 
12 18 40 
-6 53 -58 
10 -16 53 
5 33 -39 
4 -7 26 
-5 -39 63 
-23 -65 -68 
19 23 -69 
-7 -45 -67 
-2 -47 -69 
5 -41 -63 
-6 36 62 
-25 -45 70 
10 21 43 
-14 -18 -29 
43 61 -70 
27 -42 56 
-29 56 65 
-21 -39 49 
-7 -12 48 
-31 -49 -62 
-7 35 -52 
16 48 56 
-8 16 -61 
2 22 68 
-8 -22 66 
-16 20 -64 
-32 -64 -69 
3 -61 62 
-38 -41 62 
-37 -50 -53 
-2 -15 36 
-32 36 53 
16 45 -55 
-24 -43 52 
-8 -45 -67 
32 40 64 
-7 -25 -39 
17 39 -63 
-11 -41 49 
27 -30 57 
-11 -41 -56 
15 -52 65 
-14 -47 -62 
-20 39 -46 
-23 -52 -58 
38 56 -57 
-11 -18 48 
36 43 -52 
-13 -22 -23 
-10 28 -65 
30 -53 56 
16 22 46 
21 23 -43 
-18 32 60 
32 -48 49 
5 40 70 
-13 20 -66 
-22 24 -51 
-11 32 43 
19 -52 -64 
14 16 23 
-19 25 -54 
-47 57 -69 
-20 25 51 
-4 17 -37 
-34 -66 67 
5 -60 -63 
11 -12 31 
8 51 62 
20 48 -54 
-18 -22 -60 
-33 44 -53 
-1 -46 70 
22 24 27 
-28 41 -56 
17 -28 -30 
16 -29 -62 
39 50 -52 
15 -20 51 
3 -53 -60 
-9 -49 50 
33 -41 70 
-21 28 -38 
-17 -21 46 
3 -40 -57 
-23 36 -68 
23 -30 -43 
-17 -25 -31 
-22 38 49 
-24 -28 70 
10 -20 27 
-8 26 -28 
34 50 53 
6 48 -68 
22 45 -46 
-10 -25 -66 
44 45 -63 
-1 -3 26 
18 19 32 
16 23 53 
5 8 -45 
15 -35 58 
-5 -13 23 
-22 -54 60 
-12 47 69 
-11 -20 -27 
7 -31 51 
-24 25 51 
6 30 -41 
-3 13 59 
-14 -47 -61 
37 65 -68 
11 28 56 
19 22 49 
-24 47 -59 
-1 -26 57 
-30 42 64 
-23 -25 -51 
-12 -50 56 
29 -60 68 
53 62 -66 
16 49 -61 
-4 26 37 
-19 33 -57 
-3 38 -49 
-4 -16 61 
14 33 52 
-50 60 65 
10 -35 -49 
7 20 67 
9 23 58 
7 -11 46 
12 48 -58 
-13 -36 -51 
4 23 41 
17 -39 47 
56 64 66 
-3 -58 63 
-1 -12 23 
33 -38 -57 
18 24 -37 
20 32 54 
10 14 -36 
33 -34 57 
14 -20 26 
-11 26 28 
-37 -49 61 
3 8 -53 
17 -21 -54 
-13 -24 -58 
-28 44 57 
-27 51 -70 
13 -19 -30 
-8 -37 -60 
-3 -32 -35 
47 -55 68 
-16 -17 46 
-5 31 -54 
21 -42 60 
-15 64 -67 
-25 -38 -57 
-22 -35 -42 
38 46 67 
18 -28 -31 
5 -48 66 
-8 22 27 
-33 -48 69 
-5 54 65 
-20 22 -34 
-18 19 -20 
6 -21 -65 
20 24 52 
4 -45 52 
7 -22 -36 
-19 -25 -59 
34 -54 64 
-46 -57 -70 
25 -34 44 
-4 -11 16 
-30 -34 53 
-6 26 -35 
-8 -15 68 
-19 -33 -50 
-33 -60 62 
36 53 -64 
-5 -17 -31 
-9 24 -70 
9 19 32 
14 -32 58 
34 62 -63 
-3 35 47 
-4 16 60 
45 -49 51 
28 52 -62 
-12 -14 22 
-5 -18 50 
29 -40 43 
-28 45 -63 
25 50 -66 
-35 -36 67 
-10 -14 -29 
17 -25 -42 
-3 -6 46 
9 -53 -57 
-7 17 -69 
20 28 -38 
-14 54 -59 
-9 16 24 
-24 -37 -40 
38 46 -48 
-19 -41 54 
16 27 36 
-39 44 69 
8 22 55 
-10 -54 -65 
-11 18 -48 
11 -49 59 
-14 39 -59 
9 -54 -57 
-15 19 33 
13 -32 38 
-2 -52 57 
2 -30 -63 
29 30 -37 
11 12 -46 
-10 -21 28 
-3 -5 -44 
-1 -20 -56 
7 10 -43 
-11 -19 53 
10 13 -20 
46 -59 -60 
-6 37 41 
17 -21 23 
-5 -23 -36 
2 48 52 
2 -24 64 
43 54 64 
12 -26 -44 
-13 63 -68 
17 55 66 
1 44 53 
-2 -10 -21 
3 -20 -52 
-1 56 -62 
-28 -39 60 
20 23 31 
-10 31 -59 
52 57 67 
3 -56 58 
11 -45 -66 
24 -58 60 
-13 48 -53 
-26 41 -62 
