21 30 40 
19 -20 -31 
-16 -18 -42 
-2 31 47 
11 -30 -38 
9 -15 37 
14 -15 37 
-26 -42 47 
-10 37 -40 
-30 35 -44 
-15 25 -27 
5 -20 24 
9 14 -18 
-33 -37 39 
15 27 -37 
20 -40 -48 
-36 -37 -50 
30 -35 49 
15 -18 -49 
20 46 -47 
18 26 50 
15 28 38 
-15 -20 -47 
1 10 -39 
-3 16 49 
11 -31 47 
-1 -14 -34 
5 -9 14 
7 -17 -23 
-4 28 42 
-30 35 -40 
16 26 45 
10 -32 35 
-27 -28 -39 
2 -3 45 
2 12 -16 
3 -28 43 
5 -6 48 
-8 -13 41 
-13 -35 -49 
2 -30 -39 
28 -33 -37 
8 14 36 
16 24 34 
-3 -21 -40 
-8 19 -48 
3 7 20 
7 -14 39 
3 19 32 
-1 -10 -12 
13 -15 -48 
2 7 10 
-2 10 13 
-25 -40 -47 
-4 18 43 
-7 13 15 
-2 23 43 
-1 32 -49 
5 18 -45 
2 -6 50 
-36 37 -44 
12 33 -48 
11 -31 45 
-19 32 36 
-24 32 42 
-4 6 -15 
24 -26 -29 
-7 21 35 
30 43 48 
-5 -15 40 
-1 -12 16 
19 36 -40 
17 32 -41 
-23 -35 -36 
-6 -34 40 
-2 42 -48 
5 22 -39 
-39 45 50 
2 -24 -30 
14 -31 39 
15 -23 48 
-8 34 47 
-27 -30 -46 
-3 -6 -47 
6 17 -33 
1 -5 -29 
18 -20 -34 
-6 18 -38 
2 -20 -46 
8 -41 -47 
-21 -42 -47 
7 19 27 
-11 -15 36 
7 18 -35 
38 42 -45 
2 8 -22 
-21 -45 50 
-19 20 -35 
-8 -35 42 
-2 -3 8 
3 -19 41 
18 25 36 
3 43 48 
-1 8 44 
-8 33 47 
14 31 50 
16 -21 32 
-4 31 44 
-3 -24 -37 
-39 -45 -50 
23 -31 35 
-18 35 37 
-1 -12 -40 
-22 38 -43 
-1 -35 46 
1 30 32 
16 32 -46 
-6 37 42 
-28 43 50 
13 20 32 
-23 25 -37 
14 -44 -46 
-22 -36 -38 
14 26 -48 
11 -31 42 
15 -41 44 
4 -8 24 
19 29 -32 
16 41 49 
-3 10 -37 
1 -33 34 
9 30 45 
-8 17 48 
3 -15 -30 
6 14 -22 
-22 -32 33 
27 41 44 
-1 28 -35 
4 -16 38 
2 35 44 
2 18 31 
-7 14 47 
13 17 -37 
-11 40 44 
8 24 -27 
5 20 -42 
33 35 -43 
15 41 50 
-36 -46 -49 
-9 -20 -25 
20 24 34 
18 -37 -38 
1 12 36 
-16 -22 -30 
-10 -39 -50 
-17 37 43 
1 6 -27 
18 19 42 
3 27 49 
-8 -13 33 
8 24 -37 
-7 11 -48 
-1 -29 -32 
1 -28 47 
-6 -20 -21 
17 -22 -41 
-19 28 -50 
3 25 47 
-7 20 28 
2 -7 41 
17 -23 45 
-7 -27 -32 
7 23 30 
-28 31 43 
7 16 33 
-4 37 -42 
-5 -37 -47 
-15 -18 34 
9 -20 -29 
-30 31 36 
24 41 -45 
-23 -25 38 
28 33 50 
-7 38 -40 
8 -37 38 
19 -27 28 
27 36 47 
15 16 -44 
-17 33 44 
3 8 -30 
7 12 24 
-26 28 37 
12 -30 -44 
23 27 -39 
-12 13 15 
-16 -23 -26 
-10 -20 48 
4 -11 -43 
-1 -36 -40 
8 24 37 
8 16 -38 
18 -37 41 
-10 -14 41 
10 -21 31 
3 -8 25 
-10 -20 37 
-10 36 -40 
2 11 37 
13 24 39 
-19 -21 38 
-3 -32 -48 
14 -41 -44 
5 -22 -38 
16 -38 44 
14 26 38 
8 15 -46 
-25 26 35 
14 23 29 
10 15 -46 
-4 5 -35 
-24 32 -38 
7 19 -50 
11 23 -47 
23 27 -45 
3 -23 44 
-15 -38 49 
19 -36 -48 
3 40 43 
-9 -32 33 
4 -30 35 
-19 36 41 
-4 -10 16 
-8 25 -41 
-16 34 -50 
9 28 -41 
-4 -12 28 
-7 9 -17 
32 36 -44 
2 -20 -39 
-26 -38 42 
25 -28 35 
-30 -31 -48 
26 28 33 
-8 -12 -30 
-17 -26 -48 
-23 26 -48 
-29 -39 40 
-11 -13 -44 
4 9 -36 
-23 26 47 
8 32 45 
-31 -35 45 
17 -26 36 
23 30 -42 
-1 -28 42 
-16 43 48 
-27 29 -34 
-13 27 43 
-15 -22 -37 
-2 -3 -4 
12 -29 -47 
-10 22 46 
-20 -24 43 
-22 -36 50 
-10 14 28 
2 6 -24 
-6 -14 -31 
25 -38 -49 
-6 -7 -24 
-15 -20 -30 
15 46 -48 
-16 -42 46 
10 -34 -41 
1 -21 -44 
-14 40 -45 
7 -27 37 
-4 24 29 
-9 21 46 
20 34 -50 
6 -11 -47 
-21 24 50 
12 -31 40 
15 -17 -44 
-40 -46 50 
-2 -11 -38 
-22 34 -50 
-3 -13 17 
23 28 38 
20 25 32 
-18 20 21 
8 -9 41 
-33 -44 -47 
12 21 33 
15 16 32 
1 32 -45 
-30 -39 -48 
16 -38 -45 
-31 -37 48 
30 -45 50 
-4 10 -24 
27 37 -46 
-11 -17 -40 
-7 26 28 
-2 -31 -45 
-5 -19 -28 
-21 33 43 
-16 20 -28 
25 27 -33 
6 19 48 
7 -14 30 
-10 -30 -38 
25 44 -45 
4 -26 44 
28 38 -50 
15 21 -36 
5 14 31 
-7 -30 -45 
29 36 -47 
-19 -34 -36 
7 -22 32 
-35 -37 -39 
-16 24 -31 
11 -29 34 
-12 29 -32 
21 -35 46 
