-19 21 -27 
-19 23 26 
4 19 28 
2 7 -12 
-10 17 -21 
-2 21 -27 
5 20 -28 
-3 4 -21 
1 -7 9 
2 -26 -29 
3 9 -23 
-3 -4 -6 
10 -14 -27 
-17 -20 -29 
-8 -23 -26 
-7 -24 25 
1 -7 -9 
-26 -28 -30 
20 28 -30 
8 -10 20 
-2 -14 -16 
1 3 21 
19 22 -29 
1 6 -16 
6 -16 -24 
-4 23 28 
-2 -8 24 
-15 20 -25 
-1 -11 -13 
12 -17 21 
-16 24 -30 
8 15 -29 
-10 -17 30 
-12 -15 17 
-17 18 28 
-9 11 17 
-19 -26 -28 
-1 -12 -25 
5 -6 -14 
18 -28 -29 
-3 15 -16 
-6 -19 22 
4 -8 12 
-9 -17 25 
-7 -13 -21 
14 22 26 
-5 -7 -19 
9 -14 -27 
-2 11 24 
-19 -22 -28 
-4 -17 -28 
12 -17 25 
13 16 22 
11 22 -24 
2 -7 14 
-7 -15 28 
-13 -21 28 
3 -19 -27 
-13 -15 -29 
-7 -8 27 
10 12 14 
5 -23 -28 
-2 -23 26 
-17 22 25 
2 12 30 
1 -7 30 
10 14 -25 
-19 27 29 
9 -19 -27 
11 15 -18 
-4 -22 -23 
-3 -18 28 
3 14 21 
10 -17 18 
10 19 27 
-16 -17 18 
3 -14 24 
-5 6 13 
16 22 -27 
-15 19 20 
-11 -18 20 
-2 -17 -28 
-8 14 -29 
-24 27 -28 
-9 -27 -29 
11 20 -22 
9 22 25 
-8 10 -29 
-2 17 20 
10 15 21 
-2 9 -13 
-3 -18 23 
7 12 -25 
-14 17 28 
-5 -11 -24 
-5 -17 22 
-1 9 -23 
-3 -7 -28 
-7 9 14 
-15 -23 -29 
9 -25 -30 
4 17 28 
1 19 29 
14 -20 -21 
-13 -18 28 
6 22 -28 
-8 17 27 
-7 14 17 
4 -12 -27 
-10 -13 -23 
-1 7 20 
-3 12 -28 
2 12 23 
3 5 19 
2 13 -26 
-11 25 30 
-5 -17 22 
9 -14 -23 
-6 -13 28 
1 6 22 
-17 -19 20 
6 18 22 
15 20 22 
6 7 -20 
2 -15 19 
-9 -11 14 
-8 -23 27 
-9 -19 -26 
-12 -13 26 
13 15 -21 
1 10 -22 
-3 17 26 
-1 13 -28 
-16 23 -28 
-2 5 -17 
21 -28 -29 
-9 -14 -16 
-7 16 26 
11 16 24 
1 -7 12 
20 24 30 
-5 -9 17 
-1 -4 -27 
10 22 -26 
6 14 -15 
8 -9 -11 
-9 14 -28 
-24 -28 -30 
1 -11 13 
7 -28 -30 
9 -13 -24 
6 10 -23 
4 8 -19 
-9 19 26 
-20 -21 -29 
13 20 24 
-4 -8 23 
-13 -20 -21 
12 18 27 
-19 22 23 
-5 16 -17 
9 -17 25 
-6 15 26 
-15 16 30 
-14 -27 30 
-1 10 -22 
9 13 20 
-3 -11 14 
-3 -9 -12 
1 13 -29 
13 -20 22 
-2 4 6 
10 -17 -29 
1 -22 25 
-3 -18 -21 
4 -14 -29 
-4 6 30 
-13 23 -30 
18 20 25 
-5 16 -27 
11 22 27 
16 18 -22 
1 -19 24 
-18 19 20 
-16 -19 30 
-2 14 23 
2 -16 -29 
3 -8 -29 
-7 -14 -29 
13 20 28 
-23 29 30 
6 17 -21 
3 -7 -27 
-9 13 24 
6 -8 -24 
