-3 13 20 
12 -14 -23 
5 22 24 
11 16 -18 
20 25 -30 
-7 -21 22 
-8 21 30 
8 -13 16 
-10 18 -27 
-1 11 21 
10 -11 -26 
-11 -28 29 
1 -4 8 
-8 18 -24 
-15 -20 -22 
-1 -15 22 
-3 -17 23 
-11 -22 -29 
-4 -23 26 
6 -16 -23 
-4 -8 20 
4 15 -22 
25 26 28 
2 -23 -29 
-2 5 -7 
-5 14 -16 
2 11 -24 
-11 -17 -19 
3 -9 -14 
-2 -15 -20 
-2 6 12 
4 10 -17 
12 -21 30 
-12 16 -25 
-7 25 -28 
2 20 22 
8 -16 26 
-4 14 24 
3 -6 15 
6 16 -27 
9 13 23 
-7 -19 20 
-1 13 25 
-13 14 -29 
2 17 21 
-1 -8 26 
22 26 -27 
1 12 15 
-6 -8 12 
16 -17 21 
-1 -6 8 
-9 -12 15 
-3 4 -19 
-2 5 10 
-13 15 16 
13 -14 -18 
-14 15 27 
6 -7 -17 
-4 14 21 
-3 4 23 
-12 -21 22 
-16 18 -23 
2 -5 13 
-2 12 -23 
-11 -14 -17 
-9 -20 29 
-7 -8 30 
1 -13 16 
-13 28 -30 
-1 20 21 
-1 -6 -29 
6 25 30 
-2 20 -21 
-3 17 26 
-20 23 -29 
6 17 25 
5 6 29 
10 18 26 
-22 -24 -27 
-2 -3 5 
-21 -27 29 
-3 -5 -17 
2 3 -20 
13 23 -28 
16 26 -28 
-19 -23 -28 
-12 18 -29 
5 9 -10 
-2 7 -11 
6 22 -24 
-17 24 30 
-20 22 23 
-11 16 -23 
17 20 -23 
-3 6 -14 
-1 11 -30 
-2 -6 -29 
2 12 17 
2 16 -28 
12 -15 18 
6 11 -23 
3 4 -12 
-7 -20 -25 
-6 -12 21 
5 14 25 
14 22 28 
-9 -14 28 
-7 -18 27 
-2 13 -30 
-17 28 30 
-2 12 13 
-22 25 29 
17 -22 -24 
6 -7 17 
-3 7 -13 
9 17 -22 
6 -17 -25 
-1 6 30 
6 12 -16 
1 -14 -29 
-13 27 28 
-13 15 21 
-5 -11 -15 
2 26 -30 
15 -17 -20 
-8 14 -22 
-1 24 -26 
-12 -27 -30 
6 10 17 
7 -11 -13 
-5 9 29 
-5 -11 13 
-1 10 -17 
19 -22 -29 
4 -6 -9 
-13 -18 -20 
6 -14 -24 
2 17 -21 
