16 21 -23 
16 17 -29 
6 26 29 
12 17 -30 
3 6 -13 
1 -9 22 
-13 21 -28 
-9 15 -18 
14 -15 -24 
13 -18 -27 
7 17 25 
3 -15 21 
-14 26 29 
6 22 -30 
-6 -9 20 
8 17 29 
1 2 -20 
8 12 -19 
3 -4 19 
1 2 -22 
-2 5 18 
17 -21 -26 
4 13 17 
2 8 -27 
-2 -6 23 
12 20 -26 
-12 13 27 
-3 19 -28 
5 17 -27 
10 -20 26 
-18 -19 21 
-12 21 29 
15 26 -28 
-2 -17 -25 
3 -6 -18 
10 22 -27 
18 -23 -29 
2 9 28 
-1 7 21 
21 24 25 
-10 -22 27 
5 -16 27 
-9 -13 -26 
7 10 -27 
-1 -3 27 
3 -17 27 
9 20 28 
-24 27 30 
6 15 20 
1 10 -21 
2 7 -29 
3 15 -26 
12 -13 14 
12 -14 21 
1 -9 18 
8 16 27 
15 17 28 
6 -8 22 
22 26 -30 
-19 24 -28 
10 -11 -30 
14 -15 30 
-5 20 30 
6 19 29 
-9 11 28 
2 -19 23 
-2 5 12 
-20 27 29 
4 -15 -21 
1 26 -29 
10 -12 -22 
6 20 -27 
-19 -20 28 
-7 -15 29 
6 9 15 
4 -13 21 
11 15 30 
16 21 -27 
16 26 28 
2 9 26 
-13 20 22 
7 12 -17 
-6 -23 27 
5 17 29 
5 -6 -7 
-3 4 -20 
15 -23 26 
15 -16 17 
17 23 28 
-7 -19 -21 
6 8 10 
10 19 22 
9 -13 -18 
2 -3 16 
-4 -8 -27 
-2 -8 -22 
-14 15 29 
-10 24 -30 
-2 7 14 
-12 14 -26 
6 8 -18 
4 -7 14 
14 22 24 
9 20 -29 
5 16 -19 
-1 -18 -29 
4 -6 -14 
4 13 15 
6 20 -23 
1 11 -25 
-2 -5 17 
7 -9 30 
11 14 -30 
19 21 -24 
-11 26 27 
20 -22 -28 
-13 15 -22 
-2 -6 8 
20 -21 28 
20 -27 -29 
19 21 29 
-4 8 -28 
11 20 30 
-6 -19 24 
12 18 19 
-12 -13 -16 
6 7 20 
-17 18 -27 
1 6 11 
6 -26 28 
-2 13 28 
-1 -5 -24 
22 -23 30 
1 -8 30 
-6 -7 -11 
21 -23 -27 
7 -9 -21 
12 -19 25 
-5 24 -30 
-19 24 -29 
7 15 25 
-10 -20 -24 
12 23 -27 
2 10 17 
-2 4 -16 
5 16 -21 
-3 -8 30 
19 21 23 
-8 -13 27 
-3 4 -19 
9 18 -19 
-14 26 -27 
19 20 23 
5 6 18 
-6 10 -30 
-6 -10 18 
-3 13 20 
12 -14 -23 
5 22 24 
11 16 -18 
20 25 -30 
-7 -21 22 
-8 21 30 
8 -13 16 
-10 18 -27 
-1 11 21 
10 -11 -26 
-11 -28 29 
