-9 -15 -19 
-11 -38 -50 
5 -11 -40 
-16 33 49 
-19 44 -49 
-9 -10 49 
-13 27 -36 
36 37 41 
-35 -42 -50 
-11 20 28 
-19 -33 -39 
-9 12 13 
-22 27 33 
19 -24 -30 
-3 -9 38 
9 22 33 
-1 27 -34 
4 -10 -14 
-17 -28 -32 
-36 -37 41 
5 -15 38 
7 -29 -35 
10 -15 -48 
-6 23 26 
2 -11 29 
-2 -47 -49 
8 -25 31 
-2 -29 43 
10 18 25 
-5 -15 30 
16 24 -42 
6 19 -41 
11 21 -22 
16 26 -38 
-3 -16 32 
-41 42 -44 
3 -44 -45 
31 32 43 
-14 -19 -22 
34 -37 48 
11 30 42 
6 24 33 
-11 -27 50 
-4 13 37 
-20 26 -50 
-23 -31 44 
14 15 -31 
6 36 37 
7 45 -50 
3 -23 -34 
-18 25 47 
1 30 -50 
-1 -12 -17 
22 41 -46 
-12 -16 34 
23 37 -44 
-3 13 44 
-15 18 28 
3 9 34 
-11 22 25 
-29 -37 -45 
11 23 48 
1 -12 41 
-23 -24 -49 
-2 7 32 
-37 43 -48 
16 -29 -49 
34 -45 -47 
6 9 -15 
-12 31 -33 
22 28 -38 
-23 28 -49 
21 -40 42 
-10 -28 -47 
-1 -22 44 
-4 -20 -50 
9 -23 -47 
8 -26 30 
-10 -23 -25 
-5 -16 -26 
26 -33 -42 
-4 25 -29 
-10 -20 -25 
-1 18 -46 
-4 -34 -48 
1 -44 45 
-3 24 -41 
-27 31 -41 
-21 -34 43 
1 15 -23 
-4 -11 27 
17 33 44 
-21 -23 -48 
6 -14 16 
-21 31 -34 
6 -8 -17 
-15 -23 -32 
-2 -5 34 
4 9 -29 
9 -16 -43 
-23 -32 -39 
-13 41 46 
17 -18 -34 
16 -22 -46 
3 7 -22 
10 40 43 
-6 9 19 
-28 41 46 
-19 -24 -50 
-22 -39 -41 
-1 18 44 
35 -40 47 
-17 -23 30 
-2 -16 -44 
2 31 -50 
-23 -33 45 
24 29 31 
-8 -42 50 
25 41 45 
17 -29 36 
-8 -13 43 
3 31 34 
5 26 -48 
6 -28 -46 
7 18 -22 
-28 -38 -42 
-22 33 -45 
-5 -11 -33 
-2 3 -30 
16 30 -34 
1 -9 -10 
-23 -33 -50 
14 -20 47 
18 -34 46 
-12 14 25 
23 26 -42 
14 -26 48 
6 -15 -35 
8 26 -47 
10 15 -35 
-17 -44 -50 
4 -32 33 
-13 -30 -49 
-4 -14 41 
37 45 -49 
41 -46 47 
1 -13 -36 
28 -39 40 
-28 -38 -43 
8 -43 44 
-14 -31 49 
8 18 -35 
-6 -41 -50 
9 -29 40 
-11 15 24 
15 39 44 
-2 26 28 
3 -33 42 
9 16 -50 
16 -17 -31 
-16 39 43 
-14 -18 19 
41 -47 48 
3 -4 16 
5 -24 33 
14 -17 -44 
-6 -14 40 
11 -20 -32 
-19 -27 29 
-10 -44 49 
-12 -13 -21 
-9 -34 -44 
17 21 -24 
-8 -33 45 
22 33 -48 
21 -25 33 
-21 32 33 
-5 -25 -48 
-15 -33 -35 
8 19 43 
-17 28 -49 
-23 42 43 
-11 20 -39 
5 10 23 
-44 48 -50 
19 37 -38 
-27 -30 -47 
-7 -16 44 
-17 25 -31 
7 25 37 
5 22 48 
-11 32 39 
-3 -17 18 
-18 -34 43 
23 33 47 
-2 -12 20 
5 11 -39 
10 -29 39 
12 20 -38 
15 23 24 
15 23 -28 
-13 21 -41 
17 26 37 
2 -15 -23 
9 -18 -34 
-1 13 27 
6 -8 -14 
-12 -16 -22 
7 -22 -35 
9 -35 -49 
15 25 29 
-23 -26 -29 
-19 -21 -45 
-21 -33 -48 
-22 -29 -45 
34 -44 -50 
-4 -33 49 
4 38 42 
-3 6 20 
16 -25 27 
20 35 -41 
-2 17 30 
-22 31 49 
27 49 50 
1 -21 36 
1 8 -17 
-13 24 29 
7 28 -39 
20 22 47 
2 39 -44 
7 12 -28 
7 -18 -27 
-12 25 -44 
-23 42 -48 
2 -17 20 
12 -13 -21 
-6 27 -47 
17 -18 -34 
-9 13 49 
-1 14 15 
12 -22 -26 
21 45 47 
19 36 47 
15 23 -40 
-21 -45 48 
-17 23 -31 
-2 10 18 
7 -25 -48 
-4 -29 48 
-12 -43 49 
7 -17 20 
-16 44 -48 
17 26 -50 
17 -23 48 
-10 32 -47 
10 -12 50 
-19 -27 37 
-19 -29 35 
-23 26 27 
9 -22 35 
-26 -31 43 
-25 37 48 
6 14 -44 
3 -45 49 
-16 -43 49 
-4 -38 45 
1 5 11 
15 -25 49 
-17 27 -49 
-39 -40 49 
