-3 18 -25 
38 -42 -48 
-10 -24 -35 
29 -33 50 
-3 -8 -13 
-5 -7 -40 
10 -37 38 
-15 -30 -44 
9 -46 -49 
-6 -13 -33 
25 39 -41 
-23 33 37 
5 -28 31 
-10 36 44 
-2 -35 47 
1 -28 47 
3 -47 50 
-5 -21 34 
-27 34 -45 
-7 -9 16 
-3 15 28 
-4 35 48 
-13 -15 -40 
-4 -14 17 
-25 47 48 
-1 35 45 
11 -42 -47 
-24 35 44 
6 17 42 
3 -15 -27 
14 35 49 
-42 -43 -49 
-18 21 37 
-37 40 -50 
-15 -37 43 
-21 -24 44 
13 -21 43 
4 39 50 
-8 24 47 
-2 22 -43 
17 22 23 
9 35 41 
33 35 -48 
-1 6 7 
24 -27 -48 
-17 -22 30 
8 33 43 
-1 -48 49 
-17 34 50 
14 16 50 
5 -7 22 
4 -14 -49 
-17 -37 -43 
-27 29 39 
-15 -28 -46 
-4 29 -36 
1 2 33 
15 -42 -43 
-7 -10 17 
-1 -11 44 
4 8 -15 
7 -9 -24 
-6 -8 23 
37 45 -49 
-2 -10 29 
-4 -33 -42 
-14 -29 -33 
-10 15 33 
-10 -20 45 
-5 37 50 
19 22 -44 
-20 37 -39 
15 -38 42 
-11 -40 -45 
-18 -28 -38 
12 45 46 
13 16 -18 
18 31 -38 
7 -31 35 
-18 20 23 
37 43 -48 
-32 33 -48 
-9 -32 -38 
6 -26 -38 
1 -18 -24 
-9 18 49 
-16 -22 -39 
-27 -39 45 
-2 -35 -43 
-33 -39 42 
20 -22 -42 
4 -10 40 
-7 15 -46 
-7 -34 -38 
-30 -40 49 
18 -38 47 
-16 22 -39 
5 39 -40 
16 40 46 
-23 -38 50 
24 29 34 
-27 41 48 
24 25 31 
19 39 42 
6 -12 13 
19 -31 48 
-37 38 -43 
23 27 36 
-11 47 -48 
-1 16 18 
6 11 22 
22 25 50 
-6 24 -42 
14 -23 -26 
-5 18 48 
-35 38 47 
-2 30 -40 
23 -38 39 
28 -35 -39 
-11 36 -39 
-12 15 -41 
-16 17 27 
9 -39 43 
15 20 -40 
-1 -7 12 
-7 20 21 
8 -36 -48 
-6 32 47 
-13 31 -37 
-6 -33 -43 
-10 11 -23 
39 40 43 
-7 20 32 
-18 20 -29 
-3 -5 30 
7 25 33 
39 43 49 
-22 -30 36 
9 25 40 
15 -17 -19 
1 30 -35 
-14 25 38 
-17 33 -36 
3 23 -50 
-13 19 -32 
-9 -28 -30 
-14 -29 46 
-24 37 -43 
-13 -40 41 
17 33 -46 
9 -27 33 
24 -34 -43 
-14 23 31 
-5 41 46 
10 -12 -26 
-27 28 -47 
-2 -3 -25 
-11 -21 27 
-37 38 47 
26 -35 -44 
-16 17 -49 
-7 28 -32 
-15 -20 28 
-14 -19 40 
-4 -25 -38 
-7 19 33 
-5 -9 37 
-20 27 -33 
-14 -18 -47 
13 -38 -46 
-20 40 45 
-34 35 41 
11 -24 32 
11 32 -44 
-17 -27 37 
-36 -39 -49 
-5 39 47 
-9 -31 -43 
-6 -39 47 
-16 23 -48 
-5 13 -49 
3 10 24 
41 47 48 
19 38 44 
-23 31 -47 
12 -20 -43 
24 39 -44 
2 -34 47 
10 32 49 
-2 -40 -45 
2 41 -43 
15 -29 50 
10 -20 47 
13 -32 -37 
-24 -30 42 
-23 -30 37 
-2 -21 48 
8 19 28 
-18 44 47 
3 14 27 
-1 -19 -26 
12 -34 47 
5 -35 41 
19 -33 -48 
-4 -20 -41 
-9 -13 -19 
10 -43 48 
-13 -34 45 
20 -38 44 
21 28 -44 
-25 -27 -31 
24 32 44 
10 39 45 
-5 27 -39 
6 -24 -49 
