25 -38 39 
7 -60 -70 
-4 -5 -68 
25 -28 -42 
-2 24 -43 
-42 -43 -49 
-9 12 47 
-42 -59 62 
-6 -39 -62 
24 -50 -59 
-11 -25 66 
35 -49 -70 
-14 45 -57 
16 36 -61 
21 39 -51 
-17 -20 51 
13 28 68 
-26 45 69 
-14 -21 -36 
-7 -20 67 
34 58 -66 
-24 27 68 
1 -7 -36 
2 28 -68 
-1 -37 66 
18 -39 63 
-36 53 60 
-3 -64 -68 
-1 -28 -64 
-50 -57 -61 
-3 37 -69 
39 -52 -69 
-25 -51 69 
5 12 49 
25 -36 66 
-31 52 57 
3 -17 20 
-28 49 -57 
32 41 69 
-9 32 -44 
-14 31 -49 
43 -55 -67 
3 29 47 
-6 41 -70 
-24 -56 -58 
7 -16 -37 
-2 3 55 
23 -58 64 
15 -43 61 
3 44 69 
-36 -58 65 
-2 -37 68 
-2 -30 -36 
19 20 -48 
8 -32 69 
-13 16 35 
-39 65 66 
-49 51 -59 
10 -50 -66 
-15 -17 -66 
-4 -55 -60 
34 -60 66 
-9 24 52 
-60 -63 66 
12 -29 -68 
-17 -30 -67 
-36 40 -70 
-29 43 65 
51 54 -66 
56 59 60 
2 33 -67 
-3 -19 -70 
19 48 -62 
-21 22 -49 
-4 12 -21 
17 -30 70 
-23 36 -50 
-3 28 36 
29 48 50 
-1 23 -41 
-8 -15 -38 
-1 -23 37 
-1 25 -69 
1 -40 -65 
-12 47 61 
-3 19 48 
-21 -43 48 
1 4 26 
-8 -32 -49 
-49 -53 61 
-41 -46 -66 
5 18 51 
-32 40 62 
15 34 39 
26 40 51 
-24 49 -57 
37 -41 -55 
-9 21 58 
2 -6 55 
-25 -31 -61 
-33 37 49 
45 -56 58 
28 47 62 
28 44 -53 
48 57 69 
-2 -63 67 
21 -37 53 
-7 25 -35 
7 -34 -52 
-14 60 69 
-5 -7 -32 
-39 -42 44 
-35 42 47 
-1 -33 44 
-27 33 -47 
-32 -43 -53 
49 51 -65 
21 46 53 
-25 30 -42 
31 -38 50 
-44 -56 62 
-16 -42 -64 
5 -8 -11 
42 -49 56 
2 42 64 
-7 31 -35 
21 -24 -37 
-21 31 -48 
-28 -42 -58 
-1 -32 -52 
-20 -51 53 
-12 -31 45 
28 -38 -52 
32 37 -38 
-20 -30 -51 
20 -22 -70 
28 58 -67 
30 -36 -49 
20 -32 -58 
-22 -38 39 
-19 -60 -69 
-9 -21 -69 
-23 44 -66 
8 16 67 
10 22 42 
25 -46 53 
14 -44 -52 
-12 29 -50 
46 -47 -64 
-23 29 70 
3 33 41 
-6 -14 -44 
14 41 55 
42 -44 -57 
43 -50 53 
-64 -67 69 
10 44 -52 
-36 -44 -66 
-23 40 45 
18 34 -45 
-14 -19 -51 
