31 -38 50 
-44 -56 62 
-16 -42 -64 
5 -8 -11 
42 -49 56 
2 42 64 
-7 31 -35 
21 -24 -37 
-21 31 -48 
-28 -42 -58 
-1 -32 -52 
-20 -51 53 
-12 -31 45 
28 -38 -52 
32 37 -38 
-20 -30 -51 
20 -22 -70 
28 58 -67 
30 -36 -49 
20 -32 -58 
-22 -38 39 
-19 -60 -69 
-9 -21 -69 
-23 44 -66 
8 16 67 
10 22 42 
25 -46 53 
14 -44 -52 
-12 29 -50 
46 -47 -64 
-23 29 70 
3 33 41 
-6 -14 -44 
14 41 55 
42 -44 -57 
43 -50 53 
-64 -67 69 
10 44 -52 
-36 -44 -66 
-23 40 45 
18 34 -45 
-14 -19 -51 
-28 -38 44 
4 -24 56 
24 50 -51 
22 -28 -57 
-52 53 70 
-13 -63 -64 
3 28 -52 
5 11 60 
-15 -30 -63 
-39 -56 -62 
7 16 23 
-24 -39 -43 
-12 61 -65 
-18 -50 -56 
3 38 51 
-19 -23 70 
39 59 -69 
-3 -35 66 
6 14 -54 
-9 -25 66 
18 47 66 
18 22 26 
-13 47 48 
5 -19 65 
-5 17 25 
2 16 -33 
-13 -53 55 
-18 19 -44 
6 -12 53 
33 -39 58 
-5 -35 56 
-35 -49 58 
-16 -31 48 
10 33 34 
-5 -14 -26 
17 -32 -41 
6 -18 46 
30 -50 61 
5 -48 -60 
-33 58 -62 
32 37 -44 
-1 -29 42 
-3 -38 64 
19 54 -65 
-24 -25 43 
6 8 46 
2 -27 37 
19 -44 58 
29 -32 -56 
-13 26 52 
15 18 -68 
35 -45 -53 
-38 59 -60 
-17 32 -54 
-16 -30 -62 
32 -38 69 
14 68 -69 
-39 49 -50 
-12 -34 45 
-5 13 -37 
-1 28 -33 
-24 -32 -65 
33 37 -68 
19 27 30 
-17 -22 64 
-42 -46 -64 
-6 29 41 
-6 10 -58 
-15 32 -64 
8 -54 -59 
7 -59 -66 
19 27 -66 
-28 -41 -43 
-3 -16 -32 
2 -7 -15 
-10 -55 -57 
-17 49 67 
18 -34 -58 
-5 21 -23 
48 -49 -62 
9 -16 -52 
30 57 64 
-1 -46 58 
-16 46 56 
-50 -58 62 
-9 18 -60 
34 40 -47 
-4 -31 -46 
-37 54 -62 
5 -25 30 
-38 54 -65 
29 -37 -69 
-49 -60 -62 
8 16 17 
-38 -50 -67 
-1 46 -56 
-19 -59 67 
24 29 57 
-5 11 35 
-11 -26 -48 
45 -56 -57 
32 -34 45 
-36 51 -61 
-8 -25 -28 
-27 -45 48 
-26 38 -54 
-14 -34 38 
-24 50 59 
24 43 44 
-47 -54 -63 
17 -48 -64 
33 -40 -44 
-15 60 65 
2 32 -45 
34 46 -49 
21 -36 -43 
-28 -48 -57 
-16 24 -64 
-2 -22 -43 
22 -25 -64 
18 -34 59 
8 29 -52 
-43 59 60 
21 -23 59 
-2 42 70 
10 -61 70 
-8 21 27 
13 32 -50 
-6 11 33 
33 34 -43 
3 -54 -63 
51 66 -69 
12 -24 37 
-2 -7 -58 
21 -24 -41 
-17 -21 54 
-40 -45 -67 
-36 -56 59 
24 -34 -41 
-38 -41 60 
-18 42 -62 
15 35 52 
-17 -36 -46 
41 48 56 
2 29 -55 
9 20 41 
11 -55 -68 
-14 40 43 
22 -44 -57 
-19 -39 -63 
37 49 57 
27 33 65 
26 53 58 
-20 29 -53 
4 -44 61 
-22 -40 -54 
5 26 -40 
28 -31 -37 
3 53 60 
30 62 -66 
8 14 66 
-9 -17 35 
6 29 69 
-37 41 52 
-3 33 -40 
-3 5 -62 
-23 32 -67 
5 -47 -54 
-41 62 -63 
1 -7 -64 
46 -52 63 
31 -33 63 
-19 -20 26 
-14 33 44 
26 31 -48 
3 11 -37 
-28 33 68 
-6 -36 53 
2 -7 18 
-4 -32 -54 
9 54 -64 
1 -19 -47 
-36 -47 57 
1 -3 4 
-8 -33 -53 
6 9 -20 
-2 50 -51 
-46 -47 60 
-24 -35 63 
1 61 66 
-17 -24 -51 
-14 -35 -62 
-24 -45 67 
10 18 22 
-8 24 55 
-2 -14 -52 
15 53 59 
4 24 -56 
-3 21 -40 
46 -62 65 
21 -57 -70 
18 25 -61 
28 -51 70 
21 44 70 
5 49 66 
-9 -14 26 
24 43 -46 
49 54 -64 
-24 39 -42 
8 40 64 
-38 48 65 
23 28 -50 
4 -6 -46 
46 -54 -69 
49 -53 61 
-13 -50 70 
8 -30 -70 
44 -51 -68 
-26 -41 -58 
3 -57 60 
-13 -26 -39 
-18 40 41 
-3 28 43 
-16 25 57 
5 -60 61 
-48 53 -58 
9 -12 -65 
20 34 -63 
8 -18 -37 
29 -42 62 
-9 -53 65 
6 40 -41 
12 41 -66 
-40 41 47 
44 -58 -62 
32 49 -50 
11 15 41 
-28 -48 54 
-22 32 -41 
-6 -15 62 
-27 -33 -65 
21 -52 67 
5 -51 -65 
-19 58 64 
24 42 50 
-17 -42 -49 
-4 11 -22 
36 59 -67 
6 -21 -31 
-13 44 -66 
27 40 -55 
-48 51 69 
4 13 21 
19 -24 62 
-39 44 -50 
17 -18 60 
6 43 -63 
6 54 -58 
-3 32 -39 
34 -64 -69 
26 -45 65 
-6 29 51 
-4 15 34 
5 28 38 
-33 34 40 
15 24 58 
-3 16 -43 
-11 -18 54 
33 -47 -63 
29 -39 61 
-5 -37 -44 
17 52 -56 
-20 68 -69 
-23 42 -62 
13 63 66 
-4 -18 68 
-8 -40 -70 
-20 -56 -68 
13 -64 70 
-22 -24 53 
12 14 41 
-25 -30 -52 
-10 -22 46 
22 49 67 
-42 -46 -49 
-9 -20 22 
-23 32 55 
-11 -32 38 
1 -2 -7 
-29 53 -55 
-12 -22 -47 
-39 51 -61 
14 -43 47 
36 -58 64 
9 -18 63 
37 -46 -60 
-13 23 67 
27 -46 -48 
15 -37 48 
9 -32 -64 
25 38 -68 
45 -52 -70 
16 -43 -58 
5 24 -33 
48 58 66 
-2 -10 13 
9 -52 -67 
21 64 65 
2 55 58 
-24 43 -46 
-20 -56 -63 
28 53 -60 
9 16 -70 
-10 -54 -55 
-17 21 -36 
21 -23 -50 
26 -35 -68 
-15 38 48 
-37 40 55 
14 46 -59 
12 -17 64 
-33 35 41 
24 -28 51 
-1 19 -20 
12 -17 44 
29 -39 -50 
-4 9 16 
5 26 -42 
43 -44 47 
-12 13 21 
1 24 -51 
28 -31 34 
-10 21 -69 
26 66 -69 
11 -14 41 
15 35 -49 
1 15 -47 
11 -25 60 
16 -37 41 
11 -12 36 
7 -23 -50 
-12 -21 -23 
-22 -23 48 
10 -12 -21 
-17 -55 69 
55 -67 70 
16 -46 -60 
-13 16 -37 
3 7 63 
-5 10 28 
