4 -44 61 
-22 -40 -54 
5 26 -40 
28 -31 -37 
3 53 60 
30 62 -66 
8 14 66 
-9 -17 35 
6 29 69 
-37 41 52 
-3 33 -40 
-3 5 -62 
-23 32 -67 
5 -47 -54 
-41 62 -63 
1 -7 -64 
46 -52 63 
31 -33 63 
-19 -20 26 
-14 33 44 
26 31 -48 
3 11 -37 
-28 33 68 
-6 -36 53 
2 -7 18 
-4 -32 -54 
9 54 -64 
1 -19 -47 
-36 -47 57 
1 -3 4 
-8 -33 -53 
6 9 -20 
-2 50 -51 
-46 -47 60 
-24 -35 63 
1 61 66 
-17 -24 -51 
-14 -35 -62 
-24 -45 67 
10 18 22 
-8 24 55 
-2 -14 -52 
15 53 59 
4 24 -56 
-3 21 -40 
46 -62 65 
21 -57 -70 
18 25 -61 
28 -51 70 
21 44 70 
5 49 66 
-9 -14 26 
24 43 -46 
49 54 -64 
-24 39 -42 
8 40 64 
-38 48 65 
23 28 -50 
4 -6 -46 
46 -54 -69 
49 -53 61 
-13 -50 70 
8 -30 -70 
44 -51 -68 
-26 -41 -58 
3 -57 60 
-13 -26 -39 
-18 40 41 
-3 28 43 
-16 25 57 
5 -60 61 
-48 53 -58 
9 -12 -65 
20 34 -63 
8 -18 -37 
29 -42 62 
-9 -53 65 
6 40 -41 
12 41 -66 
-40 41 47 
44 -58 -62 
32 49 -50 
11 15 41 
-28 -48 54 
-22 32 -41 
-6 -15 62 
-27 -33 -65 
21 -52 67 
5 -51 -65 
-19 58 64 
24 42 50 
-17 -42 -49 
-4 11 -22 
36 59 -67 
6 -21 -31 
-13 44 -66 
27 40 -55 
-48 51 69 
4 13 21 
19 -24 62 
-39 44 -50 
17 -18 60 
6 43 -63 
6 54 -58 
-3 32 -39 
34 -64 -69 
26 -45 65 
-6 29 51 
-4 15 34 
5 28 38 
-33 34 40 
15 24 58 
-3 16 -43 
-11 -18 54 
33 -47 -63 
29 -39 61 
-5 -37 -44 
17 52 -56 
-20 68 -69 
-23 42 -62 
13 63 66 
-4 -18 68 
-8 -40 -70 
-20 -56 -68 
13 -64 70 
-22 -24 53 
12 14 41 
-25 -30 -52 
-10 -22 46 
22 49 67 
-42 -46 -49 
-9 -20 22 
-23 32 55 
-11 -32 38 
1 -2 -7 
-29 53 -55 
-12 -22 -47 
-39 51 -61 
14 -43 47 
36 -58 64 
9 -18 63 
37 -46 -60 
-13 23 67 
27 -46 -48 
15 -37 48 
9 -32 -64 
25 38 -68 
45 -52 -70 
16 -43 -58 
5 24 -33 
48 58 66 
-2 -10 13 
9 -52 -67 
21 64 65 
2 55 58 
-24 43 -46 
-20 -56 -63 
28 53 -60 
9 16 -70 
-10 -54 -55 
-17 21 -36 
21 -23 -50 
26 -35 -68 
-15 38 48 
-37 40 55 
14 46 -59 
12 -17 64 
-33 35 41 
24 -28 51 
-1 19 -20 
12 -17 44 
29 -39 -50 
-4 9 16 
5 26 -42 
43 -44 47 
-12 13 21 
1 24 -51 
28 -31 34 
-10 21 -69 
26 66 -69 
11 -14 41 
15 35 -49 
1 15 -47 
11 -25 60 
16 -37 41 
11 -12 36 
7 -23 -50 
-12 -21 -23 
-22 -23 48 
10 -12 -21 
-17 -55 69 
55 -67 70 
16 -46 -60 
-13 16 -37 
3 7 63 
-5 10 28 
