-14 15 29 
-10 24 -30 
-2 7 14 
-12 14 -26 
6 8 -18 
4 -7 14 
14 22 24 
9 20 -29 
5 16 -19 
-1 -18 -29 
4 -6 -14 
4 13 15 
6 20 -23 
1 11 -25 
-2 -5 17 
7 -9 30 
11 14 -30 
19 21 -24 
-11 26 27 
20 -22 -28 
-13 15 -22 
-2 -6 8 
20 -21 28 
20 -27 -29 
19 21 29 
-4 8 -28 
11 20 30 
-6 -19 24 
12 18 19 
-12 -13 -16 
6 7 20 
-17 18 -27 
1 6 11 
6 -26 28 
-2 13 28 
-1 -5 -24 
22 -23 30 
1 -8 30 
-6 -7 -11 
21 -23 -27 
7 -9 -21 
12 -19 25 
-5 24 -30 
-19 24 -29 
7 15 25 
-10 -20 -24 
12 23 -27 
2 10 17 
-2 4 -16 
5 16 -21 
-3 -8 30 
19 21 23 
-8 -13 27 
-3 4 -19 
9 18 -19 
-14 26 -27 
19 20 23 
5 6 18 
-6 10 -30 
-6 -10 18 
-3 13 20 
12 -14 -23 
5 22 24 
11 16 -18 
20 25 -30 
-7 -21 22 
-8 21 30 
8 -13 16 
-10 18 -27 
-1 11 21 
10 -11 -26 
-11 -28 29 
1 -4 8 
-8 18 -24 
-15 -20 -22 
-1 -15 22 
-3 -17 23 
-11 -22 -29 
-4 -23 26 
6 -16 -23 
-4 -8 20 
4 15 -22 
25 26 28 
2 -23 -29 
-2 5 -7 
-5 14 -16 
2 11 -24 
-11 -17 -19 
3 -9 -14 
-2 -15 -20 
-2 6 12 
4 10 -17 
12 -21 30 
-12 16 -25 
-7 25 -28 
2 20 22 
