6 21 26 
7 -18 23 
7 -9 -23 
9 10 22 
15 -23 26 
4 17 24 
-12 -19 26 
-14 16 -24 
3 17 -19 
13 -16 27 
6 22 -26 
-11 19 -24 
-4 -24 -27 
3 5 -11 
-5 12 25 
2 -5 17 
-6 11 25 
-1 -18 -29 
-18 21 -25 
-8 -17 -27 
13 14 -19 
12 20 21 
1 -16 21 
-11 -24 -26 
10 -20 21 
1 13 24 
-14 -17 -28 
-13 14 -22 
-1 18 22 
-7 22 30 
8 -20 -23 
15 17 20 
3 -22 -27 
-12 -22 23 
4 -12 -29 
6 -7 -16 
1 14 -29 
-8 27 -29 
22 25 -30 
-3 -22 -24 
-17 -25 -30 
2 11 -25 
-18 20 28 
-11 24 28 
-11 -13 -25 
4 -5 7 
2 9 30 
3 -8 9 
-8 15 28 
-10 -18 25 
-3 -13 -29 
-10 23 -26 
-4 21 28 
6 -18 23 
-4 7 12 
19 20 -23 
13 18 23 
-5 15 -18 
-1 8 23 
-3 -7 20 
-14 23 26 
11 17 18 
2 -21 -24 
-13 16 -25 
-4 19 25 
-22 24 -28 
20 -23 26 
-11 17 -26 
-1 6 -14 
5 12 20 
4 11 19 
6 -9 14 
1 9 27 
-11 24 -25 
11 -16 -19 
15 -21 28 
-2 16 21 
-3 -25 -26 
3 -16 -18 
9 -16 -21 
6 15 -18 
12 18 -24 
-13 16 27 
-10 28 -30 
9 22 -26 
-8 15 19 
15 19 -26 
8 13 27 
4 -8 -14 
12 -18 30 
6 -13 -19 
5 -8 20 
-13 -20 26 
17 -25 -30 
-1 17 -29 
23 25 -28 
15 -19 -21 
4 -10 -19 
2 -18 -20 
-9 14 -29 
9 20 -25 
-8 11 -13 
8 11 -27 
2 -9 -10 
7 -20 -21 
-18 -20 -23 
9 -27 -30 
-14 -20 24 
-7 23 -28 
3 -8 -11 
2 17 -23 
5 11 -22 
-11 18 24 
6 8 26 
17 26 -27 
-18 19 29 
-1 -8 22 
-16 -17 -23 
-2 17 -20 
-1 -3 10 
8 12 -20 
13 19 -21 
-5 20 23 
9 11 -23 
-3 4 17 
-8 11 -27 
-9 -25 26 
7 13 -20 
-2 -18 -23 
2 -13 20 
13 -15 29 
-20 22 26 
5 8 17 
-4 9 -11 
-5 21 28 
3 12 -26 
-13 25 -27 
-16 25 -30 
-6 -19 -24 
7 -14 -21 
12 -15 20 
5 -12 -20 
2 -5 -8 
-1 -10 29 
7 -10 -27 
1 -3 -9 
-5 21 -29 
5 -19 21 
-6 -22 30 
-5 -20 -27 
7 19 28 
7 10 23 
3 -7 18 
12 -16 -30 
2 24 26 
10 22 27 
15 18 -19 
23 -27 30 
1 -2 11 
-9 11 -23 
2 -22 -27 
18 -21 28 
-5 -12 21 
-21 29 30 
-1 -17 -22 
1 -20 -21 
8 23 -29 
-9 11 18 
-3 -20 22 
7 -10 -19 
-2 17 -22 
14 -28 -30 
5 -8 22 
9 -20 -30 
-3 16 21 
-5 -23 -24 
3 9 10 
-18 19 -27 
-13 -17 22 
7 14 17 
16 -24 27 
9 10 -14 
4 10 14 
13 -26 -30 
5 26 -27 
-4 -7 -17 
5 12 -24 
3 -4 -16 
11 23 28 
5 13 -26 
9 -15 18 
-12 15 23 
