-38 48 65 
23 28 -50 
4 -6 -46 
46 -54 -69 
49 -53 61 
-13 -50 70 
8 -30 -70 
44 -51 -68 
-26 -41 -58 
3 -57 60 
-13 -26 -39 
-18 40 41 
-3 28 43 
-16 25 57 
5 -60 61 
-48 53 -58 
9 -12 -65 
20 34 -63 
8 -18 -37 
29 -42 62 
-9 -53 65 
6 40 -41 
12 41 -66 
-40 41 47 
44 -58 -62 
32 49 -50 
11 15 41 
-28 -48 54 
-22 32 -41 
-6 -15 62 
-27 -33 -65 
21 -52 67 
5 -51 -65 
-19 58 64 
24 42 50 
-17 -42 -49 
-4 11 -22 
36 59 -67 
6 -21 -31 
-13 44 -66 
27 40 -55 
-48 51 69 
4 13 21 
19 -24 62 
-39 44 -50 
17 -18 60 
6 43 -63 
6 54 -58 
-3 32 -39 
34 -64 -69 
26 -45 65 
-6 29 51 
-4 15 34 
5 28 38 
-33 34 40 
15 24 58 
-3 16 -43 
-11 -18 54 
33 -47 -63 
29 -39 61 
-5 -37 -44 
17 52 -56 
-20 68 -69 
-23 42 -62 
13 63 66 
-4 -18 68 
-8 -40 -70 
-20 -56 -68 
13 -64 70 
-22 -24 53 
12 14 41 
-25 -30 -52 
-10 -22 46 
22 49 67 
-42 -46 -49 
-9 -20 22 
-23 32 55 
-11 -32 38 
1 -2 -7 
-29 53 -55 
-12 -22 -47 
-39 51 -61 
14 -43 47 
36 -58 64 
9 -18 63 
37 -46 -60 
-13 23 67 
27 -46 -48 
15 -37 48 
9 -32 -64 
25 38 -68 
45 -52 -70 
16 -43 -58 
5 24 -33 
48 58 66 
-2 -10 13 
9 -52 -67 
21 64 65 
2 55 58 
-24 43 -46 
-20 -56 -63 
28 53 -60 
9 16 -70 
-10 -54 -55 
-17 21 -36 
21 -23 -50 
26 -35 -68 
-15 38 48 
-37 40 55 
14 46 -59 
12 -17 64 
-33 35 41 
24 -28 51 
-1 19 -20 
12 -17 44 
29 -39 -50 
-4 9 16 
5 26 -42 
43 -44 47 
-12 13 21 
1 24 -51 
28 -31 34 
-10 21 -69 
26 66 -69 
11 -14 41 
15 35 -49 
1 15 -47 
11 -25 60 
16 -37 41 
11 -12 36 
7 -23 -50 
-12 -21 -23 
-22 -23 48 
10 -12 -21 
-17 -55 69 
55 -67 70 
16 -46 -60 
-13 16 -37 
3 7 63 
-5 10 28 
21 -44 -58 
-13 -40 44 
-53 -60 -67 
-17 36 -50 
14 17 36 
-42 43 49 
60 63 -70 
-3 -48 -60 
11 31 -32 
15 -47 57 
-2 -10 -65 
16 27 -45 
-18 35 -66 
-27 -45 -57 
-41 46 53 
-13 25 28 
28 43 48 
29 -33 49 
-22 -26 -33 
47 63 67 
-11 -53 -55 
4 32 54 
-34 43 55 
1 -45 -70 
5 -13 39 
19 25 68 
-28 -35 67 
16 -28 -39 
-30 38 -55 
21 23 -68 
15 -28 -43 
13 31 53 
14 -57 70 
-9 -49 -58 
1 -12 61 
14 45 -58 
26 37 47 
-7 -29 -54 
3 -49 53 
-21 -40 -54 
18 23 -58 
-1 -15 64 
-19 -47 55 
24 64 -65 
13 -29 -62 
-29 -44 66 
11 -40 -49 
10 22 -50 
-56 57 -64 
12 -57 58 
9 -29 53 
24 53 -61 
-11 -20 33 
-6 -20 60 
-18 -51 52 
18 26 37 
-25 33 44 
3 38 53 
1 -56 61 
5 29 -66 
30 -33 50 
-14 -35 -60 
-8 -52 64 
-23 -24 26 
15 -42 -45 
-4 -42 62 
-3 -5 -64 
1 -30 -48 
3 53 63 
-39 -54 56 
11 -58 -67 
3 -40 54 
11 56 -65 
-8 22 43 
9 -26 45 
-28 -52 55 
-39 -51 -68 
-24 -51 59 
4 -39 44 
3 5 63 
-4 27 35 
-11 42 -47 
18 19 -58 
9 -28 -58 
-3 22 53 
21 -23 -32 
-16 -20 -31 
13 -34 -65 
-24 -30 44 
6 29 50 
10 -23 58 
-1 -42 58 
15 -59 65 
-17 34 56 
-3 -10 -62 
5 36 56 
-55 58 -67 
-18 23 -37 
4 20 -57 
27 51 62 
25 -26 39 
2 -3 37 
15 54 56 
-40 45 52 
-2 49 57 
15 -20 51 
4 -35 -47 
-34 -37 50 
15 35 53 
25 -34 57 
4 -36 -49 
52 57 62 
12 -18 -25 
1 30 -38 
-14 40 55 
-15 -28 43 
-22 45 52 
1 -21 -39 
-14 -29 -39 
9 -37 43 
-27 -38 -53 
9 20 69 
-11 21 66 
17 21 -65 
22 -26 28 
7 32 -66 
-12 -36 42 
-30 -36 51 
36 50 54 
14 17 -70 
-1 42 -66 
9 20 -25 
-3 -18 -66 
-15 -44 -57 
40 49 69 
-57 65 69 
21 46 56 
-21 -25 67 
-5 37 55 
17 -21 68 
17 29 48 
24 38 40 
-17 -27 53 
-39 48 66 
-34 -42 59 
5 -15 65 
-35 -62 67 
4 6 26 
28 -48 59 
-37 58 66 
-29 -32 -52 
-2 -47 -69 
14 -34 70 
-14 19 -50 
5 -7 40 
7 42 52 
23 -66 70 
-45 -49 55 
41 56 -62 
-10 -47 -60 
11 -40 -50 
34 60 -67 
12 -33 -55 
1 48 61 
9 45 63 
-9 14 25 
-40 45 -46 
-19 -46 -54 
-32 34 57 
-11 16 52 
6 -39 -59 
21 -56 -57 
-9 49 63 
-8 27 -53 
18 -28 -56 
-13 -59 -69 
5 23 -29 
3 -21 47 
-11 -30 -64 
-22 31 45 
16 -34 -64 
-7 -52 63 
28 38 -64 
-5 -7 70 
15 -34 -50 
6 61 62 
24 -33 44 
37 -51 65 
-27 34 39 
2 47 68 
-57 -59 -68 
-37 43 54 
-8 -58 65 
-28 -32 -41 
-6 11 62 
5 27 51 
-2 -21 -41 
22 -64 -70 
-31 34 -36 
8 -50 -70 
28 50 51 
4 -14 -47 
12 15 -66 
6 16 49 
25 -58 -59 
3 25 -47 
23 28 65 
38 43 -66 
-14 15 -39 
7 -20 22 
-26 32 -67 
-18 -33 -69 
7 12 -66 
-1 -32 40 
27 -58 61 
-29 -52 66 
-8 -15 -57 
43 49 -53 
44 58 62 
16 21 66 
29 -40 -57 
19 -51 61 
7 9 50 
-10 35 62 
2 24 -51 
-33 44 -52 
22 -23 -51 
30 -38 54 
6 41 -47 
25 -52 -56 
-5 15 23 
19 33 -49 
21 -46 -68 
-21 26 44 
23 39 -41 
-9 26 28 
-40 46 -65 
-35 51 -52 
-9 -58 62 
-55 64 68 
-7 48 -67 
31 32 59 
-5 38 -68 
21 26 47 
-23 27 -39 
25 -51 -57 
-4 -27 -35 
-9 -30 -47 
-20 57 65 
-8 17 -27 
6 27 -40 
10 38 -43 
-16 -24 -43 
25 31 47 
-14 -15 -28 
14 -39 -69 
22 -30 -44 
-45 -58 -62 
26 -55 61 
8 11 -34 
-33 -65 68 
1 -12 -18 
-14 -46 -64 
48 -61 -62 
-12 46 -47 
-17 -28 34 
-33 46 50 
-47 -59 -68 
-11 17 70 
13 -16 67 
11 -47 65 
-41 -59 68 
-6 19 56 
-25 41 55 
15 -43 -65 
-2 -58 62 
-29 -57 -60 
-35 -38 -46 
-18 30 -68 
20 60 68 
-9 -33 36 
-11 -23 25 
9 22 -56 
1 -20 27 
-13 -50 -65 
-23 34 -35 
-35 40 53 
-15 -25 -35 
28 50 -70 
-2 -62 68 
-11 -30 41 
24 30 -65 
2 30 52 
21 -27 -46 
-7 45 65 
-34 41 -47 
-30 34 -42 
-40 44 46 
-2 15 -41 
9 -25 -70 
49 -52 53 
-20 40 52 
-24 44 -54 
2 -15 -69 
10 27 28 
7 -13 -59 
29 51 -70 
21 -60 -68 
-6 -38 50 
-31 -34 35 
19 23 57 
1 18 24 
-2 -18 -50 
-15 -52 66 
1 -15 -26 
