-4 -19 28 
-2 -9 50 
20 26 45 
-8 11 -12 
10 -22 39 
17 34 41 
-28 -33 -34 
-17 -29 42 
-2 28 36 
-12 -22 -30 
17 23 -32 
-31 -33 -41 
17 19 -38 
23 32 -48 
4 27 -37 
16 25 29 
4 -28 -47 
7 12 20 
3 4 12 
-8 -15 -23 
-12 -29 -39 
-29 43 44 
-10 12 42 
8 -14 25 
17 29 45 
9 -17 48 
-2 -14 31 
-7 23 -33 
5 9 -25 
-19 -27 48 
-8 16 32 
13 -16 -19 
24 -40 -41 
-6 -11 -23 
32 40 -47 
-8 -26 31 
4 22 25 
-25 35 -50 
25 27 40 
-32 -35 -50 
-3 17 48 
-35 -42 -49 
8 44 48 
-2 -35 39 
-16 -27 43 
-23 25 -43 
-5 -34 45 
-18 -39 -41 
1 9 -24 
-1 -9 32 
6 -7 19 
-17 20 32 
10 42 -45 
21 39 41 
28 31 -47 
4 -26 36 
18 24 -50 
-7 12 26 
9 -27 -41 
-1 -16 39 
3 14 -39 
29 31 -44 
8 -16 -50 
-24 28 49 
-10 24 37 
-33 47 -49 
-13 -22 -41 
12 32 38 
-12 -14 25 
19 -26 -44 
-16 26 40 
-23 44 48 
-1 3 23 
3 12 -23 
20 -43 -49 
-32 -39 -44 
10 39 46 
-14 -49 -50 
-3 -10 -32 
-12 -34 44 
26 43 -45 
-14 27 -50 
-6 -7 -40 
21 -30 -44 
-22 32 50 
-1 -18 29 
-27 -34 -48 
-3 14 -32 
18 44 49 
14 -20 -26 
-2 -5 15 
-26 -34 46 
-27 32 -40 
14 29 -43 
3 -30 -40 
-9 17 36 
-29 35 41 
4 -6 -32 
7 8 -16 
-1 31 40 
8 14 -45 
15 21 23 
22 26 37 
-1 -14 41 
31 -42 -49 
8 -28 -33 
-4 13 30 
15 35 -46 
28 -40 -43 
23 30 47 
7 -27 36 
-18 -42 47 
9 47 -48 
-30 -40 49 
3 -34 -44 
4 -19 -26 
-13 17 -25 
-22 40 -48 
-5 6 8 
-7 -14 -27 
-15 -26 49 
13 -24 36 
-5 33 -41 
11 -28 35 
21 42 -44 
-6 -20 30 
-12 14 36 
18 -42 49 
7 -32 -36 
-14 35 -49 
-21 -25 29 
-8 -22 -47 
-1 -19 23 
-8 -27 35 
-3 -6 -20 
8 12 -41 
-3 -23 42 
-1 -6 -40 
-17 22 -29 
-11 -41 46 
-3 -19 -25 
16 43 -44 
23 39 -47 
-12 -23 -35 
-18 -35 36 
-14 -40 47 
-25 30 -34 
15 -42 45 
-7 23 29 
-12 -28 -46 
-21 30 37 
18 -26 -50 
-3 -7 50 
-13 14 43 
6 -14 -43 
-7 -14 48 
-9 -31 36 
-5 -42 -47 
-10 25 43 
8 -27 34 
8 -17 -23 
-6 -19 -47 
7 -25 -49 
-10 28 32 
6 34 -38 
12 -15 37 
-28 -41 -50 
-20 -32 -48 
-14 -45 46 
-21 -25 -40 
2 7 -37 
2 -7 29 
2 35 -47 
-22 -24 -38 
-13 15 31 
3 20 -24 
29 38 -43 
19 -23 -40 
8 -20 -33 
-14 -20 47 
-7 10 -34 
-30 -40 -50 
1 -24 49 
18 42 43 
-6 -9 34 
6 29 32 
-4 6 -13 
20 -21 -22 
13 -18 -34 
4 21 -28 
6 -13 24 
-25 -26 41 
-6 -10 -27 
26 32 38 
2 11 -15 
-12 -13 -35 
-5 -8 43 
-4 -15 -47 
-17 -21 29 
-21 27 -49 
-2 32 -43 
2 -31 -50 
-13 -34 36 
22 23 32 
3 -4 24 
-25 -38 -45 
-32 -37 40 
-10 -19 22 
19 28 -42 
5 -27 36 
-43 44 -48 
-11 -23 41 
7 -12 15 
29 -31 42 
-14 33 -49 
-13 18 -42 
39 44 48 
11 -14 -29 
-1 -40 48 
-7 -25 27 
20 25 -48 
7 25 31 
20 28 -35 
-1 30 45 
6 13 -42 
16 -31 -49 
23 -27 48 
14 41 50 
9 35 -42 
-4 31 41 
-9 31 -32 
-4 -29 49 
12 -29 32 
11 -33 44 
-3 -38 40 
-21 28 35 
7 -12 -29 
8 -11 36 
-18 20 44 
7 -8 -50 
-26 -42 46 
11 20 -40 
-15 -32 -35 
8 -27 36 
-5 -6 47 
7 -26 -49 
13 -23 -50 
5 37 40 
-22 -30 -33 
-2 35 44 
