-2 -20 45 
-31 35 40 
-1 10 43 
11 14 26 
-5 -13 23 
-16 43 -44 
23 -28 -47 
2 22 42 
-14 15 50 
-16 -18 28 
9 33 -37 
2 -30 40 
14 19 45 
2 32 -43 
15 -29 48 
4 12 22 
13 -17 -24 
-11 26 -41 
-14 39 -48 
-21 25 37 
-24 -34 47 
-12 -20 -24 
5 11 -49 
-11 -28 47 
-5 -21 -29 
-2 19 38 
-34 38 -40 
14 -28 -48 
-7 -9 27 
-4 -14 33 
-23 46 -49 
-8 -17 24 
-17 42 -50 
-1 11 35 
11 -14 15 
-21 -26 36 
-7 23 -29 
12 16 -42 
-1 -19 24 
1 7 -41 
17 29 -43 
-23 -30 45 
26 39 48 
6 -26 -40 
7 41 -45 
16 21 36 
15 43 44 
13 -40 -43 
24 -29 -32 
-21 39 -43 
10 -40 49 
-2 -19 27 
22 33 34 
5 13 28 
11 -13 25 
-5 -10 39 
10 -43 -44 
13 23 -31 
17 -25 43 
-1 -2 47 
-2 -13 16 
-3 -21 23 
7 14 -19 
-16 -35 36 
12 19 -43 
-3 -18 -46 
-4 39 -50 
-21 32 46 
-35 36 50 
-28 -32 -48 
-7 -9 -20 
-3 -24 45 
-3 17 -49 
3 26 29 
33 -35 -46 
-18 -36 -50 
21 23 37 
-11 -39 -50 
-13 21 30 
26 33 -39 
16 31 -50 
-18 35 48 
13 -23 -24 
11 13 -33 
12 -14 -32 
14 -26 -48 
34 43 -45 
31 -42 45 
1 17 -26 
14 37 41 
10 29 30 
-4 -24 39 
-20 27 -43 
-3 10 18 
-5 -7 -36 
3 20 49 
-5 27 36 
23 -26 -50 
19 39 43 
9 26 -36 
-20 28 -45 
-2 -22 -50 
6 13 32 
20 33 -42 
19 -21 23 
-15 22 27 
-2 4 -42 
-11 -37 41 
12 -30 45 
-1 33 -35 
-19 38 41 
-19 30 -40 
-22 -26 27 
-7 -15 -37 
-14 -44 -50 
-4 -10 40 
-13 24 28 
-9 28 45 
1 -15 31 
-12 45 -48 
27 44 46 
20 29 -44 
-5 -7 46 
19 -29 -36 
11 17 -23 
-11 19 30 
-21 45 -46 
16 18 39 
2 18 34 
9 -46 -47 
-1 3 44 
10 11 -38 
-26 27 38 
6 -34 -37 
2 -27 42 
4 32 50 
-4 11 47 
2 6 -33 
8 46 -48 
1 -12 37 
-27 -39 -40 
28 31 43 
9 -22 47 
28 -47 -48 
-19 -24 49 
-8 -11 39 
-25 -31 -33 
-12 40 -44 
4 14 -41 
12 18 42 
11 29 -42 
26 -27 -50 
8 20 -46 
2 -11 35 
5 15 25 
-7 -13 15 
3 19 50 
-6 -44 47 
-37 -40 44 
-1 -19 -28 
1 -18 27 
-2 6 20 
-12 -36 -50 
-13 14 -23 
-9 37 -49 
23 25 -32 
-11 -36 41 
11 -23 24 
-7 26 37 
-30 -40 -49 
-4 48 -50 
33 36 -48 
-15 -32 45 
32 36 -44 
-17 31 -32 
11 -27 31 
-10 -41 50 
-27 -42 -44 
-9 -38 50 
18 20 -24 
2 15 -23 
22 24 49 
-8 -22 -44 
-14 41 43 
-11 -12 -33 
4 36 -42 
-20 -29 -30 
26 -30 -35 
-2 -38 -47 
-19 -20 -24 
2 7 -39 
-26 35 48 
11 30 -38 
-16 -20 -37 
-17 -23 -36 
12 -15 -46 
-15 -32 -47 
-16 26 -46 
1 -6 41 
-10 16 -35 
31 33 37 
-16 23 -33 
19 40 50 
18 26 -31 
37 -47 49 
-14 17 -26 
-12 25 35 
-22 26 -37 
21 37 47 
-8 -44 -48 
-27 -42 46 
16 -27 31 
5 6 14 
-7 -38 46 
23 -31 -45 
-20 24 30 
15 -25 -32 
9 26 45 
12 27 31 
-27 43 48 
-2 -40 50 
1 -26 -50 
8 26 -50 
17 -23 -50 
15 -16 21 
-1 3 14 
22 37 47 
-5 15 -24 
16 33 -44 
6 -8 19 
-5 41 -46 
-1 16 -30 
-6 -22 42 
-2 -5 36 
6 19 34 
-9 45 -47 
1 6 34 
-21 38 -43 
19 -31 37 
-22 -34 -41 
39 -47 -50 
-16 -22 -28 
6 -15 16 
21 -38 50 
-1 29 47 
3 29 -37 
-7 24 -43 
-21 31 34 
7 40 50 
-5 35 50 
10 -20 32 
-27 37 -42 
22 33 -44 
5 -10 17 
17 -38 46 
-19 22 48 
29 35 38 
12 -16 -38 
14 20 26 
9 -12 -47 
-12 -16 -30 
-13 -26 31 
6 19 -21 
7 15 -29 
20 -29 33 
-15 16 50 
5 35 -47 
32 46 50 
-11 16 22 
9 23 47 
-20 23 42 
-18 -27 43 
15 -18 -19 
-11 -24 -32 
-12 39 -40 
19 -20 42 
24 -28 -46 
-35 44 47 
-16 -24 -30 
3 -24 -32 
21 -25 34 
36 37 45 
24 34 -49 
-21 -23 25 
-12 16 -31 
-6 34 -38 
7 12 43 
14 -19 -45 
3 32 36 
1 5 -27 
3 -30 -48 
-7 41 -42 
19 34 45 
-14 28 37 
-2 -7 -42 
11 -34 47 
24 37 -39 
-12 35 44 
16 -30 38 
6 -14 37 
-7 -12 -26 
6 9 15 
-38 -40 -47 
7 -11 -15 
-9 -35 49 
7 -33 48 
9 17 19 
-38 47 48 
19 25 30 
9 28 37 
