-20 40 45 
-34 35 41 
11 -24 32 
11 32 -44 
-17 -27 37 
-36 -39 -49 
-5 39 47 
-9 -31 -43 
-6 -39 47 
-16 23 -48 
-5 13 -49 
3 10 24 
41 47 48 
19 38 44 
-23 31 -47 
12 -20 -43 
24 39 -44 
2 -34 47 
10 32 49 
-2 -40 -45 
2 41 -43 
15 -29 50 
10 -20 47 
13 -32 -37 
-24 -30 42 
-23 -30 37 
-2 -21 48 
8 19 28 
-18 44 47 
3 14 27 
-1 -19 -26 
12 -34 47 
5 -35 41 
19 -33 -48 
-4 -20 -41 
-9 -13 -19 
10 -43 48 
-13 -34 45 
20 -38 44 
21 28 -44 
-25 -27 -31 
24 32 44 
10 39 45 
-5 27 -39 
6 -24 -49 
-3 -22 -31 
-3 15 24 
2 7 -49 
30 31 50 
4 37 -45 
23 38 -43 
1 42 -49 
4 8 -40 
34 -36 -48 
1 4 -20 
-20 -22 -32 
-2 -16 48 
5 -12 -31 
43 -46 50 
8 -19 25 
3 -18 32 
-2 44 49 
-10 25 32 
-9 -20 50 
-4 -12 22 
13 35 38 
-12 -14 -19 
-1 20 -50 
5 9 36 
30 -31 42 
1 32 37 
20 -34 -45 
7 19 39 
18 40 -50 
-20 -29 -50 
-14 -27 -41 
38 42 46 
15 43 -44 
-8 36 -43 
9 19 20 
-3 19 35 
14 39 43 
2 -17 49 
27 32 47 
19 -24 36 
-13 28 42 
5 7 18 
-16 23 44 
3 -15 -40 
6 -23 -49 
41 -46 -48 
13 23 -45 
14 -40 -49 
-4 32 -45 
9 12 17 
21 -26 -32 
-21 -24 -27 
-21 23 -46 
-12 -14 32 
7 15 -26 
-20 45 -49 
-18 -20 22 
-17 -19 -23 
-14 -28 -39 
-3 11 -41 
-7 -17 -46 
19 23 -46 
23 -29 38 
-14 28 30 
-8 -14 16 
-5 -12 27 
-20 46 -47 
10 -12 -35 
-7 -41 -42 
3 -5 -33 
21 -26 35 
4 18 26 
6 -15 -26 
2 -8 -13 
31 40 50 
-5 36 40 
11 -36 -50 
-2 22 49 
-17 42 49 
18 -22 23 
-10 -24 -44 
26 -30 37 
-2 -4 -46 
-20 22 -40 
1 -7 -40 
1 -11 -41 
14 43 -49 
6 26 34 
-5 23 -24 
-10 18 26 
-10 32 -42 
15 31 -42 
38 -42 48 
13 28 39 
-36 -38 47 
32 -37 44 
-6 -16 41 
-21 31 37 
10 13 -17 
16 28 -37 
-9 -29 38 
-3 17 -35 
-7 22 34 
-27 -30 -48 
5 24 41 
-4 23 43 
-45 49 -50 
21 25 -32 
11 -32 42 
-5 30 -31 
-11 -23 25 
2 -21 -27 
-6 18 -40 
12 16 20 
-15 -18 -48 
-21 -34 44 
-5 -7 31 
8 11 18 
5 -30 44 
-21 -40 45 
18 -23 30 
1 22 -38 
13 27 -39 
18 -24 42 
-26 -27 -40 
-10 31 50 
-6 -28 -39 
-15 -25 -39 
-29 37 -43 
-6 16 29 
18 -27 -48 
-32 -38 44 
11 -30 39 
19 -23 -38 
17 30 43 
-20 -26 -29 
10 14 -46 
12 -32 -45 
-5 24 34 
-16 30 -48 
-3 -19 -43 
3 -14 39 
-19 33 -34 
8 -45 46 
36 -38 46 
2 -7 -38 
1 18 23 
-26 28 -45 
-1 -7 -15 
20 -35 47 
-10 -13 -30 
5 27 -46 
36 -37 48 
-14 26 -45 
31 44 49 
-36 -47 -50 
11 -29 49 
-4 -21 -23 
10 -24 49 
-28 38 -46 
18 -30 -37 
-38 -48 50 
23 -44 -47 
-6 -10 14 
-1 15 -35 
