-6 9 -16 
8 -20 -27 
10 -17 19 
-14 -27 30 
-6 -7 23 
-2 17 26 
13 -15 26 
-1 21 25 
10 13 25 
-8 18 -30 
-11 -23 -27 
6 16 -22 
2 7 18 
9 10 -17 
-1 -11 -20 
-3 -12 -13 
-7 16 -19 
3 -25 -30 
-11 -16 -20 
-6 -23 27 
-4 -18 -19 
-5 -19 25 
12 -24 29 
-4 11 26 
9 11 -15 
4 25 -30 
3 10 29 
-5 -22 27 
13 -25 28 
-12 -14 15 
-3 -29 30 
-19 -24 -28 
2 17 -22 
4 12 24 
11 13 21 
-3 21 23 
-9 14 22 
-3 18 28 
12 27 -30 
3 10 21 
8 13 16 
-16 22 -23 
7 -11 -22 
5 20 -24 
-15 -17 23 
-7 21 27 
12 15 -27 
-5 16 -30 
1 -11 14 
3 -19 -22 
-2 -12 19 
-15 -17 -18 
1 22 30 
-15 16 26 
-19 22 24 
9 -12 20 
-4 -5 10 
-14 -18 -30 
-18 23 26 
-2 17 20 
-6 14 -20 
5 24 27 
-2 -3 24 
-11 -18 -27 
-2 5 -7 
17 25 26 
-2 -12 -24 
9 -26 30 
-6 -14 -17 
