-14 35 44 
6 -7 -50 
5 22 -35 
44 58 65 
-35 -40 45 
-7 -13 30 
-9 48 68 
-25 56 67 
17 -28 34 
31 55 -67 
16 -44 -62 
11 53 -64 
-15 -47 -68 
-14 17 66 
-9 -19 23 
-1 4 -31 
5 16 -27 
7 32 64 
4 24 -29 
12 -33 -36 
2 -35 43 
-22 27 -68 
5 9 -18 
49 51 56 
-31 -39 69 
-2 44 -67 
2 -27 -32 
28 -29 47 
32 -53 70 
17 -34 46 
-13 -41 63 
9 -25 -54 
7 -11 23 
9 48 -58 
3 24 57 
-30 -37 41 
-12 19 66 
-18 -35 -46 
-29 55 -67 
6 36 -67 
-7 44 -52 
6 49 -57 
-17 -56 59 
14 24 48 
36 37 48 
-28 32 53 
3 -56 65 
-44 58 70 
25 28 54 
-3 -22 38 
33 -49 -69 
7 13 -57 
-19 -45 -52 
16 -48 68 
-7 15 46 
-36 -48 54 
16 31 36 
-20 43 -70 
-9 15 17 
16 -21 36 
-4 -9 -12 
-2 4 19 
-3 17 -60 
17 -33 -70 
36 -41 47 
-30 37 65 
-25 48 52 
8 35 44 
30 57 -66 
-9 47 -53 
12 13 58 
-22 -29 -41 
-9 36 37 
19 26 27 
-22 30 -39 
-29 45 65 
-16 -47 49 
-9 51 63 
26 -33 57 
-27 32 -70 
-3 -66 -67 
10 11 -68 
2 6 46 
4 -11 37 
42 44 50 
-23 -25 29 
-18 45 -64 
-19 22 64 
12 -49 -57 
13 51 66 
17 -31 64 
-31 36 44 
6 52 -66 
32 40 68 
-26 -56 57 
-21 37 40 
19 -31 59 
-27 56 -68 
1 -28 -48 
28 -40 -60 
12 -23 -48 
-42 44 -66 
17 52 -66 
11 36 54 
6 -21 -67 
-31 53 -69 
-54 -60 -63 
-31 44 -68 
-22 45 51 
16 19 -52 
-37 41 -45 
7 31 -45 
2 6 24 
7 -15 -41 
-6 -50 52 
-14 -23 62 
-1 25 -33 
-13 19 64 
13 66 -67 
4 8 -59 
11 23 60 
-4 -7 24 
49 -56 -65 
23 68 69 
18 -29 -42 
-40 -46 -52 
4 -56 59 
2 -27 60 
-8 30 50 
48 55 -58 
-11 25 -31 
-4 28 -55 
24 54 62 
14 35 51 
53 -57 -61 
-23 24 50 
1 -36 -45 
-15 25 -68 
-42 -60 65 
-8 -16 53 
17 -21 52 
-15 27 66 
-35 49 66 
24 36 46 
39 40 -64 
44 56 -59 
-9 -40 46 
25 -32 51 
17 -31 -37 
40 -62 -64 
24 -57 69 
-23 -52 -62 
24 -41 56 
6 46 -49 
-16 -28 41 
-1 7 -34 
2 5 -59 
-24 36 -41 
42 43 -61 
-18 -37 55 
11 -55 -57 
33 -41 -48 
40 48 67 
-7 56 -68 
-20 -34 -49 
43 -45 -64 
47 54 -60 
-26 38 -66 
12 25 -27 
-29 48 64 
-15 36 -40 
9 29 30 
48 59 64 
-23 54 -56 
6 37 -58 
