-3 -19 49 
8 17 23 
-18 31 -49 
-3 14 36 
-5 -40 -44 
24 -31 40 
-14 -21 27 
-23 37 39 
-39 -42 -44 
-1 7 -27 
9 -21 -49 
-14 25 37 
-9 -12 41 
8 -24 -33 
-6 -32 50 
-6 -17 -48 
-17 22 25 
-8 12 -41 
11 -26 -48 
10 -27 -39 
-18 -31 -32 
5 -10 44 
-21 -35 -46 
-1 20 27 
21 -28 -41 
11 29 -44 
-33 -35 38 
-3 18 25 
-1 17 -36 
-13 34 -47 
-4 24 39 
2 -38 -45 
1 43 -46 
10 -41 48 
-8 -30 48 
-7 -9 26 
-3 8 -20 
7 31 -34 
13 -23 31 
6 -35 38 
10 18 -21 
17 27 38 
-14 -40 -42 
-7 -37 -48 
-4 -11 -50 
16 20 26 
19 22 48 
-6 -48 -49 
28 -40 -47 
8 26 36 
19 -32 42 
17 36 -44 
-22 23 33 
36 -37 49 
13 20 46 
2 -13 -16 
-12 16 -44 
-5 37 43 
9 -24 -30 
23 31 37 
-6 -26 -45 
6 -17 -47 
-22 -36 -45 
-14 27 -32 
-1 -13 -28 
8 27 39 
-11 30 -46 
7 37 -49 
13 35 -38 
-16 -17 -23 
11 25 45 
21 22 29 
-1 15 -45 
-14 20 42 
9 28 -49 
-6 -8 27 
-23 -34 45 
8 18 -29 
9 21 43 
-6 13 -28 
8 43 -44 
15 -18 44 
-14 15 41 
-9 -12 -31 
22 38 42 
-22 34 -44 
-12 19 -36 
2 19 -46 
15 -33 -41 
15 -37 -42 
17 -45 49 
-15 -20 -27 
14 25 -49 
-27 -48 -49 
14 -22 -35 
-15 17 -30 
-16 43 44 
-9 -22 33 
-15 39 -48 
-20 -43 -45 
22 35 37 
1 -21 43 
10 -33 38 
4 26 -50 
-12 16 19 
-4 28 -31 
-3 -16 -20 
-30 45 -49 
-27 -28 -42 
22 23 43 
-11 32 46 
-16 21 -47 
-2 16 -34 
7 -13 32 
1 -18 -43 
