-4 19 23 
12 15 -22 
2 15 -26 
-7 15 -24 
-10 -22 27 
-15 -22 23 
-13 15 27 
-5 25 28 
-6 -17 19 
-7 -10 -21 
-18 24 29 
-9 21 29 
-14 -19 26 
-6 -22 -28 
-2 -3 -18 
-2 -10 -13 
-6 27 30 
-5 -18 -27 
18 -20 24 
-5 -26 -29 
-1 -14 -26 
-5 22 -24 
7 -20 21 
13 14 26 
5 7 26 
-8 -15 -17 
1 2 10 
16 21 -23 
16 17 -29 
6 26 29 
12 17 -30 
3 6 -13 
1 -9 22 
-13 21 -28 
-9 15 -18 
14 -15 -24 
13 -18 -27 
7 17 25 
3 -15 21 
-14 26 29 
6 22 -30 
-6 -9 20 
8 17 29 
1 2 -20 
8 12 -19 
3 -4 19 
1 2 -22 
-2 5 18 
17 -21 -26 
4 13 17 
2 8 -27 
-2 -6 23 
12 20 -26 
-12 13 27 
-3 19 -28 
5 17 -27 
10 -20 26 
-18 -19 21 
-12 21 29 
15 26 -28 
-2 -17 -25 
3 -6 -18 
10 22 -27 
18 -23 -29 
2 9 28 
-1 7 21 
21 24 25 
-10 -22 27 
5 -16 27 
-9 -13 -26 
7 10 -27 
-1 -3 27 
3 -17 27 
9 20 28 
-24 27 30 
6 15 20 
1 10 -21 
2 7 -29 
3 15 -26 
12 -13 14 
12 -14 21 
1 -9 18 
8 16 27 
15 17 28 
6 -8 22 
22 26 -30 
-19 24 -28 
10 -11 -30 
14 -15 30 
-5 20 30 
6 19 29 
-9 11 28 
2 -19 23 
-2 5 12 
-20 27 29 
4 -15 -21 
1 26 -29 
10 -12 -22 
6 20 -27 
-19 -20 28 
-7 -15 29 
6 9 15 
4 -13 21 
11 15 30 
16 21 -27 
16 26 28 
2 9 26 
-13 20 22 
7 12 -17 
-6 -23 27 
5 17 29 
5 -6 -7 
-3 4 -20 
15 -23 26 
15 -16 17 
17 23 28 
-7 -19 -21 
6 8 10 
10 19 22 
9 -13 -18 
2 -3 16 
-4 -8 -27 
-2 -8 -22 
-14 15 29 
-10 24 -30 
-2 7 14 
-12 14 -26 
6 8 -18 
4 -7 14 
