-10 -24 40 
32 -33 47 
-2 17 48 
-11 12 -47 
22 -36 -50 
-30 31 33 
8 -9 29 
13 -20 -28 
13 20 -47 
10 32 45 
1 -9 -40 
-11 20 42 
2 8 -41 
8 36 44 
-6 12 44 
-4 -19 28 
-2 -9 50 
20 26 45 
-8 11 -12 
10 -22 39 
17 34 41 
-28 -33 -34 
-17 -29 42 
-2 28 36 
-12 -22 -30 
17 23 -32 
-31 -33 -41 
17 19 -38 
23 32 -48 
4 27 -37 
16 25 29 
4 -28 -47 
7 12 20 
3 4 12 
-8 -15 -23 
-12 -29 -39 
-29 43 44 
-10 12 42 
8 -14 25 
17 29 45 
9 -17 48 
-2 -14 31 
-7 23 -33 
5 9 -25 
-19 -27 48 
-8 16 32 
13 -16 -19 
24 -40 -41 
-6 -11 -23 
32 40 -47 
-8 -26 31 
4 22 25 
-25 35 -50 
25 27 40 
-32 -35 -50 
-3 17 48 
-35 -42 -49 
8 44 48 
-2 -35 39 
-16 -27 43 
-23 25 -43 
-5 -34 45 
-18 -39 -41 
1 9 -24 
-1 -9 32 
6 -7 19 
-17 20 32 
10 42 -45 
21 39 41 
28 31 -47 
4 -26 36 
18 24 -50 
-7 12 26 
9 -27 -41 
-1 -16 39 
3 14 -39 
29 31 -44 
8 -16 -50 
-24 28 49 
-10 24 37 
-33 47 -49 
-13 -22 -41 
12 32 38 
-12 -14 25 
19 -26 -44 
-16 26 40 
-23 44 48 
-1 3 23 
3 12 -23 
20 -43 -49 
-32 -39 -44 
10 39 46 
-14 -49 -50 
-3 -10 -32 
-12 -34 44 
26 43 -45 
-14 27 -50 
-6 -7 -40 
21 -30 -44 
-22 32 50 
-1 -18 29 
-27 -34 -48 
-3 14 -32 
18 44 49 
14 -20 -26 
