-23 -31 44 
14 15 -31 
6 36 37 
7 45 -50 
3 -23 -34 
-18 25 47 
1 30 -50 
-1 -12 -17 
22 41 -46 
-12 -16 34 
23 37 -44 
-3 13 44 
-15 18 28 
3 9 34 
-11 22 25 
-29 -37 -45 
11 23 48 
1 -12 41 
-23 -24 -49 
-2 7 32 
-37 43 -48 
16 -29 -49 
34 -45 -47 
6 9 -15 
-12 31 -33 
22 28 -38 
-23 28 -49 
21 -40 42 
-10 -28 -47 
-1 -22 44 
-4 -20 -50 
9 -23 -47 
8 -26 30 
-10 -23 -25 
-5 -16 -26 
26 -33 -42 
-4 25 -29 
-10 -20 -25 
-1 18 -46 
-4 -34 -48 
1 -44 45 
-3 24 -41 
-27 31 -41 
-21 -34 43 
1 15 -23 
-4 -11 27 
17 33 44 
-21 -23 -48 
6 -14 16 
-21 31 -34 
6 -8 -17 
-15 -23 -32 
-2 -5 34 
4 9 -29 
9 -16 -43 
-23 -32 -39 
-13 41 46 
17 -18 -34 
16 -22 -46 
3 7 -22 
10 40 43 
-6 9 19 
-28 41 46 
-19 -24 -50 
-22 -39 -41 
-1 18 44 
35 -40 47 
-17 -23 30 
-2 -16 -44 
2 31 -50 
-23 -33 45 
24 29 31 
-8 -42 50 
25 41 45 
17 -29 36 
-8 -13 43 
3 31 34 
5 26 -48 
6 -28 -46 
7 18 -22 
-28 -38 -42 
-22 33 -45 
-5 -11 -33 
-2 3 -30 
16 30 -34 
1 -9 -10 
-23 -33 -50 
14 -20 47 
18 -34 46 
-12 14 25 
23 26 -42 
14 -26 48 
6 -15 -35 
8 26 -47 
10 15 -35 
-17 -44 -50 
4 -32 33 
-13 -30 -49 
-4 -14 41 
37 45 -49 
41 -46 47 
1 -13 -36 
28 -39 40 
-28 -38 -43 
8 -43 44 
-14 -31 49 
8 18 -35 
-6 -41 -50 
9 -29 40 
-11 15 24 
15 39 44 
-2 26 28 
3 -33 42 
9 16 -50 
16 -17 -31 
-16 39 43 
-14 -18 19 
41 -47 48 
3 -4 16 
5 -24 33 
14 -17 -44 
-6 -14 40 
11 -20 -32 
-19 -27 29 
-10 -44 49 
