-16 29 52 
-56 -58 -60 
-3 -36 63 
29 -30 47 
4 12 -62 
-16 46 61 
11 33 53 
14 -21 70 
2 -21 -22 
35 45 -64 
9 -16 17 
-12 -27 39 
23 26 -53 
-22 27 59 
-17 -39 -50 
-5 19 -46 
4 54 -66 
12 38 46 
12 19 35 
13 40 57 
-27 -42 -48 
10 14 29 
12 47 63 
-15 19 -69 
-15 20 62 
-38 -50 -61 
-7 47 -67 
-14 -40 55 
-9 48 -61 
18 -34 -39 
-59 60 67 
-20 -57 61 
16 30 -56 
24 -25 39 
-22 -29 -62 
23 -25 -63 
42 51 -59 
6 60 -65 
13 -32 39 
-24 34 -54 
-13 48 -55 
-7 16 -29 
14 18 -21 
-18 -20 50 
-7 -17 69 
32 43 -64 
-6 48 59 
-21 -25 -32 
-13 -32 -58 
-60 -65 -68 
-2 30 -65 
-1 -24 35 
43 57 -60 
1 -11 26 
-25 -54 57 
4 6 -32 
-49 -65 69 
-52 -58 -67 
-6 -60 -62 
11 36 -49 
14 54 65 
-14 51 -58 
30 37 49 
10 16 -56 
2 -11 45 
15 -17 -67 
37 52 -54 
-11 20 -41 
-30 38 63 
20 31 43 
8 54 58 
-6 19 39 
2 12 53 
11 -18 39 
4 41 47 
-11 -42 59 
-23 50 53 
-29 54 61 
-5 18 22 
-15 57 -61 
31 -44 -62 
-9 -21 -38 
4 15 28 
-41 -42 -51 
-3 12 13 
-19 34 36 
2 21 45 
17 -69 -70 
13 -15 51 
11 -12 -13 
3 -8 17 
-21 -38 43 
-24 -43 59 
22 27 -44 
5 -16 70 
-13 34 -47 
-30 -50 -66 
3 12 -53 
-11 -43 65 
7 26 46 
23 27 -48 
6 -42 61 
-16 25 54 
-10 13 -27 
-6 -25 40 
-14 39 -51 
-56 61 -68 
-25 28 -34 
6 -11 -52 
-39 -51 -53 
8 40 -65 
15 37 -50 
-38 54 61 
27 34 -39 
-6 55 -70 
-11 -40 -52 
31 62 67 
11 18 -40 
-22 -24 -39 
-48 -58 65 
-34 -39 -59 
-5 16 -56 
33 -60 -65 
8 28 -54 
16 17 52 
7 -44 -55 
30 -34 45 
19 35 58 
-11 -50 53 
8 -41 68 
1 4 66 
-36 -51 -69 
-15 -31 49 
16 45 66 
-8 -27 -31 
10 17 70 
-14 23 -51 
-3 8 -22 
13 -29 -64 
21 -33 -70 
-9 -29 43 
-29 -30 -56 
2 -29 -70 
32 39 40 
12 45 -70 
28 -54 -61 
8 -25 34 
19 -58 70 
21 -27 44 
-39 45 59 
16 -17 -56 
-38 -40 48 
-20 -25 -39 
-6 48 53 
5 -28 45 
-7 11 59 
19 28 -46 
1 5 -65 
2 33 40 
2 7 -14 
4 -14 -24 
-24 30 42 
1 -30 50 
18 -37 -70 
-27 -53 61 
1 -16 17 
39 -68 -69 
13 -30 62 
-30 -32 70 
23 27 -29 
-7 -9 47 
-13 23 -44 
8 24 52 
-19 -24 28 
6 -64 -67 
-25 -27 42 
40 57 -63 
-20 59 68 
-21 34 -68 
-41 -54 66 
14 -25 -70 
-20 -27 47 
-7 -60 -64 
-18 31 -46 
-45 59 67 
-20 31 50 
13 -48 65 
22 -31 48 
-1 13 17 
12 -56 -62 
35 -46 48 
15 47 -50 
-40 -61 68 
1 6 -60 
-11 33 56 
32 -45 59 
4 -5 45 
15 22 -69 
16 31 60 
8 -58 -70 
-20 -43 -44 
24 48 67 
42 50 -68 
24 -53 64 
-13 -33 -62 
20 -21 -26 
-10 -44 -52 
4 -41 -59 
-49 -65 -70 
14 54 61 
2 -31 -37 
6 -10 -45 
35 -45 60 
-4 12 -34 
2 -22 -59 
21 -60 62 
-33 43 -54 
-1 21 35 
16 -24 28 
10 -24 -53 
-44 -50 68 
-20 60 -62 
36 -55 64 
-14 15 -25 
-18 67 68 
37 38 47 
31 -35 62 
-19 42 -70 
-17 -27 59 
-27 44 65 
-17 -30 -47 
2 21 63 
-19 -28 -37 
20 -54 -65 
-26 -40 69 
-18 62 -68 
13 -34 -40 
7 -47 49 
-3 -35 -36 
27 -32 -59 
1 16 -47 
59 -60 65 
-3 -14 -55 
-59 -63 -64 
-3 9 63 
14 53 -55 
-17 29 69 
27 -52 -64 
6 -44 -48 
38 -60 -67 
-37 54 55 
-8 -10 42 
3 54 56 
4 -12 63 
23 -30 -32 
21 58 62 
3 -23 25 
-20 53 -69 
36 44 -52 
-26 31 -47 
5 8 26 
19 -34 -39 
53 59 60 
18 33 52 
-12 -46 57 
-4 -38 51 
36 40 -44 
-19 -23 -70 
44 50 -60 
2 27 -55 
-12 17 58 
6 10 -30 
-23 -43 -47 
-7 22 43 
4 -21 25 
-5 -12 56 
8 -27 -35 
17 46 58 
-42 -47 -67 
15 29 50 
7 21 60 
25 26 55 
-27 30 -63 
4 46 51 
-3 -10 15 
-28 50 -67 
3 -20 -62 
-5 -58 64 
46 -47 54 
-1 22 -49 
-6 16 -68 
-3 -38 59 
33 38 -51 
21 33 34 
-27 -45 57 
5 -6 -32 
-2 -29 -41 
5 -6 -41 
6 -34 -53 
9 23 -30 
7 21 -51 
16 -45 -54 
5 8 12 
-3 -34 55 
-6 -34 67 
2 11 55 
-10 51 -65 
-42 -49 63 
37 54 70 
-37 43 -55 
-14 -26 37 
27 50 52 
-5 -52 61 
-57 61 65 
-24 -26 50 
-3 21 -34 
44 50 57 
26 -34 45 
23 -32 54 
-1 -2 32 
18 -39 -47 
-6 -20 38 
13 -30 -42 
47 -49 -58 
8 22 43 
28 -34 -35 
-3 -14 -31 
-17 -38 47 
-8 -9 -13 
16 34 -45 
-31 34 66 
-10 -28 58 
3 -23 35 
3 9 -66 
15 -23 70 
24 -29 -56 
13 25 48 
-7 8 27 
-48 51 63 
28 37 -48 
-8 27 -54 
-7 29 52 
15 -25 -26 
-30 -42 -45 
-6 40 65 
22 -31 47 
-39 56 -66 
-25 -51 59 
-41 -55 61 
-31 -55 -56 
-29 -35 37 
2 -31 49 
18 -22 67 
-13 57 58 
1 6 41 
-7 10 32 
2 5 -51 
4 29 45 
32 37 -59 
1 -2 -46 
17 48 -64 
-3 -48 -57 
2 14 -22 
-2 -12 37 
-9 -44 66 
32 -46 -64 
-9 -20 -69 
4 -14 -47 
-2 25 -62 
20 26 -29 
-27 61 66 
-12 -14 -42 
37 60 62 
5 30 -33 
-3 19 53 
7 49 63 
10 -15 18 
-17 29 66 
7 39 -43 
39 -49 56 
-2 -37 -42 
14 41 -53 
1 14 23 
-1 22 66 
-28 -54 -69 
-12 -45 -49 
6 8 67 
-39 -53 -68 
21 66 70 
17 -51 55 
-34 -65 -68 
-20 44 -45 
-2 -15 22 
-13 -55 -65 
4 -17 23 
-5 59 -65 
12 -21 54 
9 -10 55 
2 -48 56 
-2 -60 -63 
-35 37 40 
-22 38 -65 
22 -36 50 
-9 -41 -48 
-2 47 -51 
-28 42 46 
-39 47 67 
7 21 36 
-41 49 67 
7 -50 -55 
12 49 64 
-3 -27 -42 
24 -36 -51 
6 -26 59 
1 11 -42 
-50 -61 -68 
-10 -24 39 
19 -24 43 
-2 -6 -37 
14 -41 65 
-3 50 -52 
-29 41 -48 
10 63 -70 
-10 51 -53 
24 -31 59 
4 32 57 
3 21 -41 
