27 37 48 
-3 20 -25 
12 -39 68 
-18 37 59 
-33 43 -66 
14 15 -49 
6 51 66 
12 -15 27 
6 -45 -58 
-6 8 -26 
3 19 -31 
5 -32 36 
-12 -38 46 
-5 18 -58 
-7 -21 46 
-2 13 59 
-34 -44 54 
16 -21 22 
-5 -33 68 
-26 -31 65 
-7 28 30 
22 55 -62 
-22 37 -65 
10 18 -60 
-7 -21 -54 
35 -59 -70 
32 68 -69 
-25 -39 -56 
15 39 -43 
-7 33 -43 
25 -33 56 
19 53 54 
-15 -63 -68 
42 46 51 
-13 -39 -43 
-20 -22 52 
15 -57 63 
-2 5 53 
33 60 -67 
21 28 52 
-28 64 -67 
-3 -28 -60 
-4 28 -59 
24 -43 -70 
-12 28 -31 
-11 -15 -63 
8 -52 69 
21 -23 50 
13 14 57 
6 -17 -63 
-13 -52 61 
-9 35 39 
6 13 -51 
19 -38 66 
-5 -16 31 
17 36 -67 
5 34 65 
7 -36 -56 
-17 18 -56 
5 -32 63 
8 -34 46 
-26 50 -59 
-4 -17 22 
-23 27 69 
-22 -26 -50 
9 -20 68 
35 62 65 
-2 10 24 
-22 -23 63 
1 29 -44 
-34 38 -64 
-10 -38 63 
-24 56 -58 
-31 -39 -44 
-4 10 -25 
41 61 -70 
-17 -61 69 
9 -33 -52 
-32 -51 70 
39 -66 -67 
-37 -63 67 
-9 56 68 
10 -37 -47 
-34 43 69 
30 33 64 
-54 -55 -61 
6 10 49 
-26 -33 37 
-5 39 40 
-5 -19 57 
-23 24 -58 
-2 55 66 
-22 -29 -56 
-2 -26 63 
-8 -25 -44 
13 32 -35 
-7 8 -28 
10 -45 -58 
-11 55 -57 
-41 42 56 
43 -69 -70 
-24 -38 49 
-7 41 65 
3 45 55 
-4 -5 -40 
-15 46 -63 
4 20 -70 
3 12 -52 
-38 -55 59 
29 40 70 
60 62 -64 
2 39 -50 
35 -52 -57 
-32 59 60 
13 21 62 
-14 25 -39 
19 -24 42 
2 39 -54 
17 22 -64 
-2 5 35 
13 32 -43 
-27 61 68 
15 30 -50 
12 59 -67 
-13 -19 65 
7 20 22 
15 -22 69 
-31 37 42 
33 37 63 
-36 40 47 
-17 -45 56 
46 -50 57 
-7 24 45 
1 -29 38 
28 -61 67 
-11 -25 -66 
40 44 -62 
19 27 39 
28 -30 63 
-3 29 -33 
