-16 -28 41 
-1 7 -34 
2 5 -59 
-24 36 -41 
42 43 -61 
-18 -37 55 
11 -55 -57 
33 -41 -48 
40 48 67 
-7 56 -68 
-20 -34 -49 
43 -45 -64 
47 54 -60 
-26 38 -66 
12 25 -27 
-29 48 64 
-15 36 -40 
9 29 30 
48 59 64 
-23 54 -56 
6 37 -58 
-19 37 43 
-23 47 -60 
4 19 -48 
-35 42 -66 
-4 -39 50 
6 22 49 
-5 50 55 
-52 -56 -63 
-3 6 18 
-35 52 56 
4 -53 -66 
11 15 -56 
5 11 -37 
-3 13 -31 
3 -32 -66 
29 -42 61 
3 -14 67 
-9 -24 62 
46 -53 56 
28 39 60 
14 44 63 
5 -35 -57 
-1 -39 -42 
9 -19 40 
-30 37 -39 
5 44 -70 
2 -41 -49 
22 25 35 
11 30 59 
4 -34 -46 
8 63 65 
28 40 -65 
-5 64 -68 
-3 -35 56 
-4 -59 62 
-13 24 -41 
-12 13 21 
24 -43 48 
3 -25 -52 
-3 -9 -57 
-16 -51 -57 
1 -9 41 
8 -28 66 
6 -36 -56 
-6 8 -32 
-9 -14 56 
1 29 -34 
-3 49 61 
25 28 -42 
-18 32 49 
-20 -46 -51 
4 12 15 
-3 41 60 
9 31 -65 
5 -45 59 
-17 -61 64 
27 -33 -39 
-1 -12 -13 
41 53 64 
29 57 -64 
-15 -45 -64 
-44 -51 -52 
10 -34 -59 
-29 -49 -62 
-14 67 68 
35 -60 -64 
-8 -18 36 
15 27 34 
10 21 -39 
15 34 39 
-3 20 22 
4 17 -20 
-5 13 22 
-3 -44 55 
-29 -62 67 
-41 68 70 
2 49 50 
-3 -12 -37 
33 -44 -66 
45 58 -60 
-14 15 44 
-25 -53 -63 
40 52 66 
-23 -50 57 
25 45 -65 
30 39 -66 
17 42 -49 
31 56 63 
19 -39 51 
10 44 66 
-4 15 39 
-18 -22 66 
-37 -42 46 
31 -65 66 
41 51 61 
-6 -19 -65 
-11 -30 46 
4 28 -58 
-16 -43 64 
11 -15 -17 
35 55 -64 
32 -37 43 
2 21 -31 
14 -55 -58 
5 -20 54 
-16 43 56 
-19 -33 -55 
-41 48 -63 
20 43 47 
-33 49 -60 
36 63 68 
-7 -25 49 
15 -39 -51 
6 48 -57 
29 37 -63 
-3 -22 -59 
-7 42 -46 
-44 -56 -63 
27 -52 -69 
16 34 48 
31 40 -53 
-20 -25 -34 
13 -30 35 
6 26 -66 
-3 -25 -28 
22 40 -63 
10 -11 -34 
4 -22 -25 
22 34 -70 
35 42 -69 
-8 11 43 
-5 -8 67 
16 -29 67 
-21 -47 -67 
-37 -44 61 
1 10 -21 
-5 24 -28 
-8 41 -63 
-18 20 60 
13 43 -51 
-12 29 -49 
15 19 -68 
23 -28 -36 
16 -25 -55 
-32 35 37 
1 -19 -51 
-40 -53 -69 
2 16 -69 
1 45 -66 
3 -49 62 
27 -59 -66 
-17 48 -70 
30 -41 -60 
14 -22 48 
22 25 -51 
-9 28 68 
-2 46 56 
-46 -61 -64 
11 -31 49 
-7 -59 -67 
7 19 -57 
21 27 -57 
-9 -23 -33 
-11 -22 -29 
-33 37 -58 
24 -67 -68 
6 -19 27 
10 34 58 
4 27 -39 
-4 7 -50 
17 -39 61 
-41 -55 60 
-37 -55 -67 
45 51 -65 
-31 33 44 
27 37 48 
-3 20 -25 
12 -39 68 
-18 37 59 
-33 43 -66 
14 15 -49 
6 51 66 
12 -15 27 
6 -45 -58 
-6 8 -26 
3 19 -31 
5 -32 36 
-12 -38 46 
-5 18 -58 
-7 -21 46 
-2 13 59 
-34 -44 54 
16 -21 22 
-5 -33 68 
-26 -31 65 
-7 28 30 
22 55 -62 
-22 37 -65 
10 18 -60 
-7 -21 -54 
35 -59 -70 
32 68 -69 
-25 -39 -56 
15 39 -43 
-7 33 -43 
25 -33 56 
19 53 54 
-15 -63 -68 
42 46 51 
-13 -39 -43 
-20 -22 52 
15 -57 63 
-2 5 53 
33 60 -67 
21 28 52 
-28 64 -67 
-3 -28 -60 
-4 28 -59 
24 -43 -70 
-12 28 -31 
-11 -15 -63 
8 -52 69 
21 -23 50 
13 14 57 
6 -17 -63 
-13 -52 61 
-9 35 39 
6 13 -51 
19 -38 66 
-5 -16 31 
17 36 -67 
