13 -15 29 
-17 -20 30 
12 16 23 
-23 26 -27 
-15 21 -24 
7 -19 22 
2 -7 26 
-14 -16 27 
3 -5 -11 
-15 16 18 
-7 12 -27 
5 -7 -12 
2 4 11 
-19 23 28 
12 15 -27 
2 -5 -22 
-9 20 -23 
-8 10 -19 
3 -5 25 
-3 -14 -26 
7 -24 -28 
-1 -4 -11 
18 -23 25 
-3 -13 -29 
1 8 26 
12 -17 -23 
22 28 30 
-9 -11 -14 
18 22 24 
10 -16 -18 
21 24 -30 
14 29 30 
-5 -11 -14 
-3 -20 -21 
-7 -27 -30 
15 18 -25 
11 -26 -29 
11 21 30 
4 -12 -22 
-24 -25 30 
-16 26 27 
-20 -23 24 
-9 -24 -27 
12 23 25 
4 -9 -21 
16 17 28 
3 10 24 
-1 -14 17 
-5 22 -23 
-5 -6 8 
20 -23 26 
-19 24 -25 
5 6 24 
-3 21 27 
-13 -20 21 
-2 -10 28 
13 15 -25 
5 -6 -14 
-5 7 20 
1 -15 -26 
-18 23 26 
-10 -22 -26 
12 -28 29 
8 -14 -17 
16 25 30 
-3 -5 8 
-14 15 17 
-10 13 -26 
-10 -26 -30 
-6 -13 21 
3 -16 -18 
12 -15 24 
-12 22 -24 
9 17 21 
-14 -21 -30 
-3 -25 -26 
-6 -7 23 
4 16 26 
5 16 -26 
-4 -12 24 
21 -23 -29 
-2 11 -25 
1 25 -26 
-4 22 27 
2 -4 -20 
-5 28 30 
-10 -20 28 
-14 -19 -26 
7 23 28 
-3 -7 -14 
3 6 17 
11 -14 24 
-4 -7 -30 
-6 -20 21 
-5 -20 -30 
7 -10 -18 
12 16 19 
6 9 -18 
7 -13 -14 
1 -6 -27 
-10 -21 26 
3 -12 19 
-6 -11 27 
-6 16 -29 
-8 -12 25 
6 20 -25 
4 14 -22 
8 9 21 
21 -28 29 
2 5 26 
-3 -5 -28 
1 -20 23 
-9 -19 -24 
11 -12 18 
-8 -17 -21 
-2 8 30 
-12 -18 -20 
15 -20 -21 
-2 -22 -30 
7 -13 30 
8 -13 -29 
6 -8 27 
10 12 -20 
9 15 20 
1 -14 -19 
-1 -4 30 
4 -15 -17 
-10 15 20 
3 10 13 
-18 -19 20 
1 -15 29 
-5 -19 -25 
-12 -29 30 
3 26 -30 
-8 -20 23 
13 -24 -27 
6 -7 -13 
9 14 -17 
-18 -21 -25 
14 18 22 
-12 -17 25 
13 -23 -30 
5 9 13 
-1 -27 -28 
8 -16 23 
9 -16 18 
2 -3 -19 
1 19 -29 
-2 5 12 
12 -25 -29 
-8 10 -25 
2 19 -20 
12 -24 26 
4 -13 29 
11 16 18 
-6 -15 -19 
3 -9 22 
-15 18 24 
10 -16 -22 
-8 11 27 
3 -8 -18 
-3 -9 -19 
2 17 22 
-14 -18 22 
1 11 -16 
-5 -9 24 
-14 18 27 
-6 -8 -25 
1 10 19 
17 -20 -24 
-13 -28 29 
-15 -20 -28 
-4 5 -15 
3 -16 -17 
8 24 29 
-11 24 -27 
-6 7 -21 
12 -25 -27 
2 -19 -23 
11 -17 -29 
