8 27 29 
2 -7 30 
-4 -8 -18 
-11 -12 13 
21 -22 29 
-7 -20 27 
-2 -16 23 
-13 -14 18 
-3 14 30 
2 -5 15 
7 18 -20 
-18 -21 23 
2 -10 -24 
-10 -13 26 
-9 -19 -28 
-8 -21 24 
3 7 -29 
-9 -21 24 
9 -25 -27 
-19 27 -28 
2 3 -10 
-14 -22 23 
8 26 -29 
-8 -11 22 
2 6 9 
13 15 -28 
8 21 29 
10 -15 23 
-19 21 -26 
15 -21 22 
-18 19 25 
5 19 26 
-4 -14 26 
-8 -11 15 
9 24 30 
5 15 29 
-1 -12 -18 
13 -18 30 
8 -16 21 
-10 -18 22 
-13 18 26 
-23 24 -25 
9 15 -29 
-18 27 29 
7 -24 -27 
1 -4 9 
-12 18 24 
-1 3 25 
5 8 24 
-6 -25 27 
-7 8 -28 
-8 -9 28 
-1 22 -26 
-11 -19 20 
-1 7 24 
-18 -22 -27 
3 -7 -23 
2 -10 -19 
1 -22 25 
-11 -17 21 
-4 -8 -18 
-5 9 15 
-9 -12 -28 
7 8 -28 
-8 9 -17 
1 3 -27 
4 -14 -27 
14 -20 -21 
17 25 30 
-4 -6 20 
7 14 27 
4 12 -20 
-9 12 27 
-2 7 -13 
11 12 -27 
-1 6 20 
-2 4 -11 
4 -11 28 
7 -9 12 
3 -13 27 
-2 18 -23 
-13 -15 19 
5 19 25 
16 19 26 
-11 18 -28 
4 -17 -22 
-5 -13 -21 
-5 13 16 
10 11 -13 
5 -9 -28 
-1 8 9 
-4 -17 -28 
19 -23 30 
6 -16 21 
5 6 28 
-2 -9 -29 
-13 -17 23 
-12 -14 15 
-6 14 25 
-9 12 -29 
-9 -10 -14 
-2 -16 -25 
4 -7 27 
10 21 23 
-7 21 -25 
-10 -25 26 
-5 -18 -21 
19 -22 24 
-19 24 30 
10 22 -29 
-5 -14 18 
10 -12 -14 
-3 7 17 
-9 -13 23 
1 7 29 
-12 -22 -30 
-10 -24 26 
-7 15 22 
-15 18 -26 
5 16 -27 
13 -25 -26 
-3 7 -30 
-12 14 29 
-13 17 -27 
2 3 -30 
9 19 24 
-10 11 25 
4 27 -30 
-2 -13 -30 
7 10 -17 
2 -11 21 
-4 -19 21 
-3 4 -15 
6 -21 28 
6 -9 -17 
-4 -17 25 
-3 19 -23 
-8 17 -22 
-6 7 -19 
-2 -7 -27 
-6 10 -17 
6 -21 -29 
6 7 -20 
-5 29 -30 
-3 7 16 
-4 -15 18 
11 16 20 
-2 17 -28 
1 2 -9 
12 -18 19 
-21 -27 29 
3 -17 -25 
-2 16 -21 
8 -12 18 
2 -23 -26 
16 -24 -26 
-7 -9 -18 
-18 21 27 
2 16 26 
1 -16 25 
6 -9 -23 
-14 18 29 
