-2 20 -43 
11 34 -45 
-21 30 33 
-10 41 -48 
6 14 41 
-1 8 22 
7 37 44 
-3 8 44 
-4 23 -28 
-5 -17 42 
9 15 -46 
21 40 50 
3 -34 46 
32 35 -41 
2 31 42 
3 40 48 
3 -6 -7 
-7 -19 -44 
7 -18 -49 
-19 26 -29 
10 29 -45 
6 10 -31 
17 -38 48 
17 21 -48 
-19 -41 -42 
-9 -19 -22 
13 35 50 
9 -10 41 
3 -17 43 
-33 38 -41 
18 35 46 
2 8 42 
7 -9 -31 
3 -18 -43 
12 -28 -29 
20 24 44 
22 -27 50 
2 -25 -40 
18 31 -36 
-3 22 -34 
-24 -25 42 
-27 33 42 
8 25 31 
-14 -44 -50 
26 -38 47 
-3 -21 -41 
-11 -44 -50 
11 19 -24 
1 -4 50 
1 -24 45 
9 12 20 
-9 -14 41 
-1 -39 45 
6 9 23 
6 -8 -34 
14 -24 -41 
-27 -36 -48 
-15 -21 29 
-19 41 44 
-7 -34 -43 
14 -24 42 
26 27 45 
-1 2 46 
-10 -25 -30 
-2 -25 32 
4 -19 -22 
-3 7 -44 
21 38 48 
8 -9 -41 
-5 35 -40 
3 27 31 
-1 -30 33 
2 -31 45 
5 -6 -14 
17 -38 -45 
25 -31 -49 
-26 34 -41 
7 34 39 
17 -37 49 
-9 19 -46 
10 -35 -39 
16 21 -43 
6 13 24 
-4 -43 47 
1 -18 30 
-2 -10 -15 
-3 -20 -46 
38 45 -49 
17 -18 -41 
-30 46 48 
-18 -28 36 
27 -30 40 
-18 46 -49 
-8 -39 -50 
-17 18 -42 
9 -23 -32 
32 -41 -44 
19 -38 46 
13 -25 40 
-32 40 41 
-1 3 22 
-7 26 -43 
5 -30 -42 
30 45 -49 
-32 47 50 
1 9 20 
-7 -26 28 
23 28 32 
-7 -30 -41 
-5 10 21 
-9 -19 43 
-11 40 43 
35 40 47 
-2 -19 -48 
7 -9 32 
24 -35 43 
-20 -31 40 
-9 45 -47 
-14 41 45 
7 -30 -45 
8 22 -38 
-7 14 36 
-14 36 -46 
22 34 38 
6 -18 40 
11 17 -48 
-28 -40 43 
-36 38 -47 
-16 18 24 
-8 17 -42 
-7 -9 -11 
-8 24 37 
-4 -14 -38 
-13 21 49 
-4 15 -21 
-1 -30 -37 
-1 23 -31 
-3 12 -15 
-4 29 33 
-12 -15 32 
18 -39 44 
-19 -35 -40 
-7 18 42 
6 37 39 
1 25 48 
-28 -38 47 
-3 -15 49 
-5 -6 -40 
-9 25 36 
-5 15 -43 
-17 21 -22 
-8 -20 46 
2 -17 35 
-28 -39 -50 
-21 -34 -40 
7 -24 -44 
1 -26 -34 
15 19 37 
-5 -26 29 
-10 -12 17 
5 13 28 
11 19 32 
8 42 -48 
-6 9 34 
-18 -20 -38 
-6 -7 -27 
5 -34 39 
4 35 50 
-11 -26 27 
-16 -21 46 
7 30 49 
-27 42 49 
4 14 -29 
-26 44 45 
-15 -33 44 
-21 -29 -38 
15 38 46 
-42 45 -50 
-13 35 -44 
-1 6 -29 
11 -14 -29 
17 20 -39 
-7 -12 -39 
-11 17 -33 
-7 8 -50 
19 38 48 
17 22 -42 
11 26 27 
-17 42 49 
-16 20 -47 
9 25 28 
-3 -40 43 
-2 7 -11 
15 -34 -35 
24 -26 -27 
-19 36 37 
-4 -12 48 
11 18 32 
6 -26 29 
9 -11 38 
-3 -27 44 
3 -7 18 
-40 42 -46 
-8 -9 14 
-3 34 40 
7 20 28 
-17 -18 25 
32 36 49 
-11 -13 16 
7 27 30 
5 7 -35 
3 7 -15 
9 -17 -42 
-1 11 19 
2 31 -42 
-10 20 22 
13 -17 -39 
-24 48 -49 
-16 -33 43 
-6 29 -42 
19 -42 -50 
8 27 38 
-14 23 32 
-13 -18 40 
-16 -21 -38 
15 35 41 
3 -39 -46 
5 24 -39 
39 -48 49 
-18 -23 32 
-15 45 50 
17 21 45 
4 12 27 
25 33 -36 
-3 -7 18 
-3 26 30 
-27 -38 -48 
-13 -14 -18 
18 19 -34 
28 -31 -35 
