23 26 -42 
14 -26 48 
6 -15 -35 
8 26 -47 
10 15 -35 
-17 -44 -50 
4 -32 33 
-13 -30 -49 
-4 -14 41 
37 45 -49 
41 -46 47 
1 -13 -36 
28 -39 40 
-28 -38 -43 
8 -43 44 
-14 -31 49 
8 18 -35 
-6 -41 -50 
9 -29 40 
-11 15 24 
15 39 44 
-2 26 28 
3 -33 42 
9 16 -50 
16 -17 -31 
-16 39 43 
-14 -18 19 
41 -47 48 
3 -4 16 
5 -24 33 
14 -17 -44 
-6 -14 40 
11 -20 -32 
-19 -27 29 
-10 -44 49 
-12 -13 -21 
-9 -34 -44 
17 21 -24 
-8 -33 45 
22 33 -48 
21 -25 33 
-21 32 33 
-5 -25 -48 
-15 -33 -35 
8 19 43 
-17 28 -49 
-23 42 43 
-11 20 -39 
5 10 23 
-44 48 -50 
19 37 -38 
-27 -30 -47 
-7 -16 44 
-17 25 -31 
7 25 37 
5 22 48 
-11 32 39 
-3 -17 18 
-18 -34 43 
23 33 47 
-2 -12 20 
5 11 -39 
10 -29 39 
12 20 -38 
15 23 24 
15 23 -28 
-13 21 -41 
17 26 37 
2 -15 -23 
9 -18 -34 
-1 13 27 
6 -8 -14 
-12 -16 -22 
7 -22 -35 
9 -35 -49 
15 25 29 
-23 -26 -29 
-19 -21 -45 
-21 -33 -48 
-22 -29 -45 
34 -44 -50 
-4 -33 49 
4 38 42 
-3 6 20 
16 -25 27 
20 35 -41 
-2 17 30 
-22 31 49 
27 49 50 
1 -21 36 
1 8 -17 
-13 24 29 
7 28 -39 
20 22 47 
2 39 -44 
7 12 -28 
7 -18 -27 
-12 25 -44 
-23 42 -48 
2 -17 20 
12 -13 -21 
-6 27 -47 
17 -18 -34 
-9 13 49 
-1 14 15 
12 -22 -26 
21 45 47 
19 36 47 
15 23 -40 
-21 -45 48 
-17 23 -31 
-2 10 18 
7 -25 -48 
-4 -29 48 
-12 -43 49 
7 -17 20 
-16 44 -48 
17 26 -50 
17 -23 48 
-10 32 -47 
10 -12 50 
-19 -27 37 
-19 -29 35 
-23 26 27 
9 -22 35 
-26 -31 43 
-25 37 48 
6 14 -44 
3 -45 49 
-16 -43 49 
-4 -38 45 
1 5 11 
15 -25 49 
-17 27 -49 
-39 -40 49 
