-1 -2 14 
-2 -7 -15 
-4 32 34 
-1 2 7 
-2 -19 28 
5 -35 -48 
25 -32 -48 
-2 30 48 
4 -28 36 
6 10 -22 
-10 18 45 
-22 -24 -38 
-12 24 -45 
1 -5 -10 
-8 10 16 
-1 -25 46 
6 40 -41 
-14 35 38 
6 25 45 
7 30 -33 
11 23 -24 
-12 31 -38 
-35 39 -46 
4 29 -40 
13 -20 -43 
17 -35 -37 
6 -15 -31 
1 -5 -9 
-6 -15 17 
-7 18 -22 
15 -18 37 
4 34 40 
5 25 -49 
-9 14 49 
9 -23 -48 
7 -38 40 
29 -32 48 
8 14 49 
9 45 50 
-13 -18 22 
-3 -14 33 
12 15 -16 
-36 48 -49 
-1 -10 -21 
7 -15 -29 
10 11 14 
-18 -47 -48 
30 -34 44 
15 -22 -26 
22 -35 48 
2 -9 -41 
5 -27 -49 
6 8 -17 
-23 -28 -33 
-7 -41 43 
15 31 -36 
2 -40 44 
8 25 -33 
-17 33 -39 
1 16 -34 
-11 -16 50 
36 -45 47 
1 -7 48 
8 24 33 
-26 44 -50 
24 27 35 
-20 26 44 
8 20 35 
-18 -31 47 
1 -6 11 
7 -13 -36 
8 -48 50 
27 -31 -40 
-29 46 49 
26 37 39 
23 35 37 
10 38 49 
-5 -23 43 
-7 -37 41 
30 -33 39 
-9 -11 15 
-3 -4 -30 
21 28 -34 
-19 -34 43 
15 -17 42 
1 -5 41 
2 29 -47 
9 -19 -40 
-12 35 45 
21 -29 50 
-17 20 -32 
7 -21 37 
6 14 27 
-15 36 50 
-1 -22 -38 
-10 -24 40 
32 -33 47 
-2 17 48 
-11 12 -47 
22 -36 -50 
-30 31 33 
8 -9 29 
13 -20 -28 
13 20 -47 
10 32 45 
1 -9 -40 
-11 20 42 
2 8 -41 
8 36 44 
-6 12 44 
-4 -19 28 
-2 -9 50 
20 26 45 
-8 11 -12 
10 -22 39 
17 34 41 
-28 -33 -34 
-17 -29 42 
-2 28 36 
-12 -22 -30 
17 23 -32 
-31 -33 -41 
17 19 -38 
23 32 -48 
4 27 -37 
16 25 29 
4 -28 -47 
7 12 20 
3 4 12 
-8 -15 -23 
-12 -29 -39 
-29 43 44 
-10 12 42 
8 -14 25 
17 29 45 
9 -17 48 
-2 -14 31 
-7 23 -33 
5 9 -25 
-19 -27 48 
-8 16 32 
13 -16 -19 
24 -40 -41 
-6 -11 -23 
32 40 -47 
-8 -26 31 
4 22 25 
-25 35 -50 
25 27 40 
-32 -35 -50 
-3 17 48 
-35 -42 -49 
8 44 48 
-2 -35 39 
-16 -27 43 
-23 25 -43 
-5 -34 45 
-18 -39 -41 
1 9 -24 
-1 -9 32 
