27 42 -54 
-9 -15 50 
-14 -24 -30 
-2 39 -66 
23 -41 -46 
10 -14 21 
-67 68 70 
6 10 58 
-2 -47 -51 
45 48 55 
37 51 -70 
8 17 -55 
14 -17 24 
2 -34 -58 
-7 -15 -24 
1 -10 -24 
-38 -51 -54 
12 19 67 
-8 50 -61 
32 37 -56 
26 -31 47 
-12 44 46 
-16 -49 55 
-32 -46 -64 
-9 -27 55 
-24 34 -41 
-5 -6 57 
-14 15 -43 
-3 9 -50 
-17 50 -62 
-50 -52 56 
6 37 -60 
-23 -48 -57 
1 -47 59 
-8 -37 65 
4 5 7 
-22 37 39 
36 -49 -57 
14 22 61 
31 52 -56 
-50 62 -69 
-21 55 -63 
13 -30 61 
12 63 67 
7 -14 -32 
-11 30 56 
-12 -15 62 
8 29 -52 
20 -46 52 
-6 65 69 
-2 29 -32 
-24 28 48 
20 21 67 
46 51 63 
19 -28 54 
30 -36 62 
4 47 57 
-7 -58 -69 
-26 -55 68 
19 30 35 
9 -12 55 
-2 30 69 
57 -58 -64 
23 27 -67 
10 -19 -69 
12 -24 25 
11 30 54 
1 -26 65 
14 -24 43 
9 -16 -35 
-17 -39 -60 
-41 -46 54 
27 44 -58 
17 -51 -62 
-18 53 -70 
-8 37 -44 
-40 -51 55 
-11 30 61 
38 54 63 
3 54 -64 
-9 -30 -49 
21 24 -63 
-21 41 44 
6 24 54 
-22 63 -65 
-19 -30 -31 
-5 42 -56 
-16 19 29 
-48 64 -67 
13 -22 66 
-3 -18 29 
-20 34 -39 
-6 -9 59 
-10 -37 -60 
-5 44 -53 
28 50 -63 
5 -28 -47 
-9 17 39 
10 23 -61 
-17 22 41 
-36 42 69 
-33 -46 -62 
-15 -39 -62 
-15 -29 -63 
-21 -45 55 
-26 -35 -64 
-34 48 49 
-12 30 36 
-11 -17 56 
2 -38 -44 
7 -26 51 
-15 28 45 
-2 41 -52 
25 39 -46 
19 44 -68 
-25 44 -68 
-28 54 66 
-12 47 52 
7 -33 39 
3 -17 -41 
-20 23 58 
4 -32 66 
10 14 -33 
-7 57 58 
38 -50 53 
-4 -21 45 
-55 57 -64 
29 -37 -41 
-10 -20 48 
-5 7 -47 
-1 14 69 
-31 49 69 
-16 53 69 
3 12 -21 
13 53 -56 
-29 51 -67 
35 41 42 
-19 56 -57 
8 57 59 
-25 -65 -69 
-1 7 -42 
18 -40 -58 
-10 -39 -57 
-25 61 -69 
-24 25 58 
-40 -45 60 
-26 28 -47 
-10 17 -37 
8 20 46 
-43 -56 -69 
18 25 -49 
51 -53 -69 
-3 -24 48 
13 36 -45 
-7 65 -67 
-6 29 57 
-9 -52 62 
-11 -41 45 
-8 17 33 
5 30 64 
2 -32 -53 
1 -40 70 
-4 -48 54 
-38 60 68 
-7 -20 -21 
-14 39 61 
-15 56 -58 
-13 56 67 
-21 50 -54 
26 -28 58 
-7 40 -41 
38 43 62 
26 -40 -60 
-41 -53 55 
-23 27 68 
19 21 55 
-6 7 -63 
-8 -43 -59 
-17 -45 61 
15 16 42 
5 -32 69 
-21 -30 63 
-34 -40 -51 
25 38 -44 
8 9 -22 
33 -49 -60 
21 -49 54 
-2 -5 -22 
-31 35 64 
-9 21 -57 
25 46 50 
25 -27 -41 
-28 -42 51 
-5 -44 69 
27 31 -60 
13 -36 -62 
