-19 -20 -47 
-19 34 -38 
-3 13 -34 
-1 33 -36 
-21 -36 -42 
-17 37 -43 
26 -35 -45 
18 -28 42 
-12 19 47 
-18 19 -20 
17 27 -39 
1 14 -27 
-1 -44 -45 
10 -20 -39 
-1 -24 -35 
31 34 -47 
-6 13 44 
4 7 -21 
-25 -29 34 
-45 46 50 
20 -24 -36 
8 15 -19 
23 -29 -37 
-8 -16 -20 
-10 -36 48 
1 -9 48 
-2 -6 22 
26 -36 46 
-18 -26 -48 
-28 31 40 
4 7 35 
-2 -19 31 
11 14 22 
-17 -18 -43 
-6 8 -19 
30 44 46 
-11 20 39 
13 19 -35 
-10 -23 31 
-14 29 -42 
5 -45 -47 
18 30 32 
-2 38 -40 
14 27 -30 
1 21 -30 
-17 23 -24 
-4 21 -28 
18 21 27 
18 -24 -39 
7 10 -37 
-1 21 -29 
15 -17 18 
8 10 -30 
-4 40 -44 
-4 -6 -45 
5 -21 -26 
2 6 50 
25 -27 36 
24 -36 -44 
-16 -18 -41 
39 41 -44 
18 37 48 
-12 -35 -40 
-17 -20 -30 
-1 13 -14 
1 -34 -35 
-3 23 45 
-1 -25 43 
-17 31 39 
-18 24 -28 
-5 -26 -46 
-34 -36 39 
-21 -24 -29 
16 -27 32 
20 27 29 
5 -14 43 
-10 -22 50 
22 -42 47 
-12 30 47 
-12 -35 -37 
-6 7 -36 
-22 27 50 
7 -9 11 
-20 23 41 
3 36 48 
-9 23 31 
2 14 22 
-5 27 34 
12 33 35 
-5 -26 42 
-27 -32 42 
6 -32 47 
-2 24 -41 
37 -46 49 
-12 16 -25 
-19 -29 43 
6 -10 -20 
2 -3 -39 
-7 -27 45 
-2 28 42 
-13 20 28 
31 41 -50 
6 22 -28 
3 7 -40 
-1 -5 11 
6 -28 35 
-6 19 21 
11 37 -50 
-22 23 -29 
3 -7 27 
-3 18 -25 
38 -42 -48 
-10 -24 -35 
29 -33 50 
-3 -8 -13 
-5 -7 -40 
10 -37 38 
-15 -30 -44 
9 -46 -49 
-6 -13 -33 
25 39 -41 
-23 33 37 
5 -28 31 
-10 36 44 
-2 -35 47 
1 -28 47 
3 -47 50 
-5 -21 34 
-27 34 -45 
-7 -9 16 
-3 15 28 
-4 35 48 
-13 -15 -40 
-4 -14 17 
-25 47 48 
-1 35 45 
11 -42 -47 
-24 35 44 
6 17 42 
3 -15 -27 
14 35 49 
-42 -43 -49 
-18 21 37 
-37 40 -50 
-15 -37 43 
-21 -24 44 
13 -21 43 
4 39 50 
-8 24 47 
-2 22 -43 
17 22 23 
9 35 41 
33 35 -48 
-1 6 7 
24 -27 -48 
-17 -22 30 
8 33 43 
-1 -48 49 
-17 34 50 
14 16 50 
5 -7 22 
4 -14 -49 
-17 -37 -43 
-27 29 39 
-15 -28 -46 
-4 29 -36 
1 2 33 
15 -42 -43 
-7 -10 17 
-1 -11 44 
4 8 -15 
7 -9 -24 
-6 -8 23 
37 45 -49 
-2 -10 29 
-4 -33 -42 
-14 -29 -33 
-10 15 33 
-10 -20 45 
-5 37 50 
19 22 -44 
-20 37 -39 
15 -38 42 
-11 -40 -45 
-18 -28 -38 
12 45 46 
13 16 -18 
18 31 -38 
7 -31 35 
-18 20 23 
37 43 -48 
-32 33 -48 
-9 -32 -38 
6 -26 -38 
1 -18 -24 
-9 18 49 
-16 -22 -39 
-27 -39 45 
-2 -35 -43 
-33 -39 42 
20 -22 -42 
4 -10 40 
-7 15 -46 
-7 -34 -38 
-30 -40 49 
18 -38 47 
-16 22 -39 
5 39 -40 
16 40 46 
-23 -38 50 
24 29 34 
-27 41 48 
24 25 31 
19 39 42 
6 -12 13 
19 -31 48 
-37 38 -43 
23 27 36 
-11 47 -48 
-1 16 18 
6 11 22 
22 25 50 
-6 24 -42 
14 -23 -26 
-5 18 48 
-35 38 47 
-2 30 -40 
23 -38 39 
28 -35 -39 
-11 36 -39 
