8 12 -20 
13 19 -21 
-5 20 23 
9 11 -23 
-3 4 17 
-8 11 -27 
-9 -25 26 
7 13 -20 
-2 -18 -23 
2 -13 20 
13 -15 29 
-20 22 26 
5 8 17 
-4 9 -11 
-5 21 28 
3 12 -26 
-13 25 -27 
-16 25 -30 
-6 -19 -24 
7 -14 -21 
12 -15 20 
5 -12 -20 
2 -5 -8 
-1 -10 29 
7 -10 -27 
1 -3 -9 
-5 21 -29 
5 -19 21 
-6 -22 30 
-5 -20 -27 
7 19 28 
7 10 23 
3 -7 18 
12 -16 -30 
2 24 26 
10 22 27 
15 18 -19 
23 -27 30 
1 -2 11 
-9 11 -23 
2 -22 -27 
18 -21 28 
-5 -12 21 
-21 29 30 
-1 -17 -22 
1 -20 -21 
8 23 -29 
-9 11 18 
-3 -20 22 
7 -10 -19 
-2 17 -22 
14 -28 -30 
5 -8 22 
9 -20 -30 
-3 16 21 
-5 -23 -24 
3 9 10 
-18 19 -27 
-13 -17 22 
7 14 17 
16 -24 27 
9 10 -14 
4 10 14 
13 -26 -30 
5 26 -27 
-4 -7 -17 
5 12 -24 
3 -4 -16 
11 23 28 
5 13 -26 
9 -15 18 
-12 15 23 
-15 20 -28 
-13 23 25 
5 6 -28 
8 15 23 
9 21 29 
9 -10 -25 
