29 -37 -69 
-49 -60 -62 
8 16 17 
-38 -50 -67 
-1 46 -56 
-19 -59 67 
24 29 57 
-5 11 35 
-11 -26 -48 
45 -56 -57 
32 -34 45 
-36 51 -61 
-8 -25 -28 
-27 -45 48 
-26 38 -54 
-14 -34 38 
-24 50 59 
24 43 44 
-47 -54 -63 
17 -48 -64 
33 -40 -44 
-15 60 65 
2 32 -45 
34 46 -49 
21 -36 -43 
-28 -48 -57 
-16 24 -64 
-2 -22 -43 
22 -25 -64 
18 -34 59 
8 29 -52 
-43 59 60 
21 -23 59 
-2 42 70 
10 -61 70 
-8 21 27 
13 32 -50 
-6 11 33 
33 34 -43 
3 -54 -63 
51 66 -69 
12 -24 37 
-2 -7 -58 
21 -24 -41 
-17 -21 54 
-40 -45 -67 
-36 -56 59 
24 -34 -41 
-38 -41 60 
-18 42 -62 
15 35 52 
-17 -36 -46 
41 48 56 
2 29 -55 
9 20 41 
11 -55 -68 
-14 40 43 
22 -44 -57 
-19 -39 -63 
37 49 57 
27 33 65 
26 53 58 
-20 29 -53 
4 -44 61 
-22 -40 -54 
5 26 -40 
28 -31 -37 
3 53 60 
30 62 -66 
8 14 66 
-9 -17 35 
6 29 69 
-37 41 52 
-3 33 -40 
-3 5 -62 
-23 32 -67 
5 -47 -54 
-41 62 -63 
1 -7 -64 
46 -52 63 
31 -33 63 
-19 -20 26 
-14 33 44 
26 31 -48 
3 11 -37 
-28 33 68 
-6 -36 53 
2 -7 18 
-4 -32 -54 
9 54 -64 
1 -19 -47 
-36 -47 57 
1 -3 4 
-8 -33 -53 
6 9 -20 
-2 50 -51 
-46 -47 60 
-24 -35 63 
1 61 66 
-17 -24 -51 
-14 -35 -62 
-24 -45 67 
10 18 22 
-8 24 55 
-2 -14 -52 
15 53 59 
4 24 -56 
-3 21 -40 
46 -62 65 
21 -57 -70 
18 25 -61 
28 -51 70 
21 44 70 
5 49 66 
-9 -14 26 
24 43 -46 
49 54 -64 
-24 39 -42 
8 40 64 
-38 48 65 
23 28 -50 
4 -6 -46 
46 -54 -69 
49 -53 61 
-13 -50 70 
8 -30 -70 
44 -51 -68 
-26 -41 -58 
3 -57 60 
-13 -26 -39 
-18 40 41 
-3 28 43 
-16 25 57 
5 -60 61 
-48 53 -58 
9 -12 -65 
20 34 -63 
8 -18 -37 
29 -42 62 
-9 -53 65 
6 40 -41 
12 41 -66 
-40 41 47 
44 -58 -62 
32 49 -50 
11 15 41 
-28 -48 54 
-22 32 -41 
-6 -15 62 
-27 -33 -65 
21 -52 67 
5 -51 -65 
-19 58 64 
24 42 50 
-17 -42 -49 
-4 11 -22 
36 59 -67 
6 -21 -31 
-13 44 -66 
27 40 -55 
-48 51 69 
4 13 21 
19 -24 62 
-39 44 -50 
17 -18 60 
6 43 -63 
6 54 -58 
-3 32 -39 
34 -64 -69 
26 -45 65 
-6 29 51 
-4 15 34 
5 28 38 
-33 34 40 
15 24 58 
-3 16 -43 
-11 -18 54 
33 -47 -63 
29 -39 61 
-5 -37 -44 
17 52 -56 
-20 68 -69 
-23 42 -62 
13 63 66 
-4 -18 68 
-8 -40 -70 
-20 -56 -68 
13 -64 70 
-22 -24 53 
