3 10 -28 
-3 -8 -25 
-4 9 27 
-20 22 24 
-6 10 -11 
-2 -9 -30 
1 2 27 
10 -15 -19 
12 -16 -30 
4 -9 -28 
4 9 -25 
-7 -13 -22 
14 15 -29 
10 12 -15 
1 15 -27 
-15 -22 23 
-3 -4 26 
9 -26 -28 
4 20 27 
4 -15 -17 
-9 -16 -20 
12 20 -30 
1 -11 -27 
-1 -10 21 
-21 -22 -29 
-8 -12 -16 
21 22 -26 
20 -25 -27 
17 21 25 
9 19 21 
-2 -10 -22 
3 11 30 
8 -10 -18 
6 9 -13 
15 22 24 
-8 12 -20 
-10 14 26 
-3 -23 -28 
-4 15 27 
1 13 26 
4 20 -22 
-14 -19 28 
-3 14 15 
2 24 -25 
1 21 -24 
-3 12 -16 
-1 -12 -24 
-6 -15 19 
14 19 28 
7 -17 -19 
10 -16 20 
13 -29 30 
-12 -13 29 
3 -7 -28 
25 26 -28 
-4 7 -27 
-4 -12 26 
-5 17 -27 
15 19 -29 
-1 -5 22 
3 7 -11 
4 -12 30 
-8 14 26 
-6 7 -21 
17 25 -27 
6 -15 20 
1 8 27 
5 -6 19 
-5 -14 -24 
-1 -21 -30 
12 -19 28 
-2 -5 -21 
-2 -16 -17 
-14 -16 22 
-3 7 -20 
8 14 17 
2 21 -28 
-2 7 -30 
5 26 27 
-6 8 -20 
-3 17 -29 
14 -16 30 
-6 -8 28 
-1 -13 -29 
-11 12 -24 
-5 -12 -20 
5 -10 -17 
-7 21 -26 
3 6 8 
8 -18 22 
8 -17 -20 
-3 -14 -27 
12 -15 20 
-17 19 25 
2 -5 -20 
8 10 17 
-7 8 27 
9 21 -30 
-5 -8 -11 
-8 25 -30 
6 -10 -24 
-20 22 26 
8 12 21 
20 24 25 
11 18 25 
9 15 19 
-4 -11 26 
14 -16 -25 
-2 11 -12 
-19 -24 -25 
-1 3 -22 
-15 -22 -30 
-2 14 28 
-7 16 -29 
1 6 -8 
-10 27 29 
9 12 24 
-7 -12 -29 
6 -17 26 
-9 -10 22 
-13 -21 22 
4 5 -10 
6 -12 -16 
-11 24 -28 
-4 -20 -24 
6 9 -20 
-2 16 23 
-12 -15 25 
14 -19 -30 
22 -24 -29 
5 12 -20 
4 -9 -27 
-4 -9 25 
-3 -10 25 
1 23 28 
-9 22 -24 
11 -14 22 
-10 23 -26 
-8 -21 28 
2 -16 -26 
-1 6 7 
-21 23 24 
2 -11 -24 
-10 17 22 
-2 20 -22 
3 -4 30 
11 -24 29 
-1 12 -19 
-18 -25 -29 
1 9 17 
-7 -9 15 
-3 -5 -22 
7 13 21 
4 6 -24 
-9 -17 -24 
-4 29 -30 
2 15 28 
6 -12 18 
-7 -16 -20 
5 11 -18 
-2 -9 -17 
-4 -6 -10 
19 27 30 
2 -9 -12 
-8 -13 17 
-11 -18 -28 
2 -12 -17 
-2 -8 -20 
-19 -22 -25 
12 -13 -19 
-9 -23 30 
