5 8 17 
-4 9 -11 
-5 21 28 
3 12 -26 
-13 25 -27 
-16 25 -30 
-6 -19 -24 
7 -14 -21 
12 -15 20 
5 -12 -20 
2 -5 -8 
-1 -10 29 
7 -10 -27 
1 -3 -9 
-5 21 -29 
5 -19 21 
-6 -22 30 
-5 -20 -27 
7 19 28 
7 10 23 
3 -7 18 
12 -16 -30 
2 24 26 
10 22 27 
15 18 -19 
23 -27 30 
1 -2 11 
-9 11 -23 
2 -22 -27 
18 -21 28 
-5 -12 21 
-21 29 30 
-1 -17 -22 
1 -20 -21 
8 23 -29 
-9 11 18 
-3 -20 22 
7 -10 -19 
-2 17 -22 
14 -28 -30 
5 -8 22 
9 -20 -30 
-3 16 21 
-5 -23 -24 
3 9 10 
-18 19 -27 
-13 -17 22 
7 14 17 
16 -24 27 
9 10 -14 
4 10 14 
13 -26 -30 
5 26 -27 
-4 -7 -17 
5 12 -24 
3 -4 -16 
11 23 28 
5 13 -26 
9 -15 18 
-12 15 23 
-15 20 -28 
-13 23 25 
5 6 -28 
8 15 23 
9 21 29 
9 -10 -25 
4 10 -16 
-7 9 23 
-2 4 17 
10 18 -22 
-4 11 24 
-8 -15 16 
17 -28 -30 
2 -8 22 
-5 14 22 
2 9 30 
2 -7 25 
2 8 -16 
11 -23 24 
4 13 -22 
1 2 -6 
-5 -12 -23 
1 6 18 
7 20 -28 
5 25 -28 
-2 10 29 
7 14 -21 
-13 19 -23 
-9 11 26 
2 -22 -23 
-3 -5 16 
-2 -16 23 
-6 12 21 
6 -21 -26 
-10 11 -30 
-3 -10 -28 
16 -26 -28 
-9 -22 28 
-2 9 30 
-3 5 7 
16 -19 -25 
-7 -9 -17 
12 16 -21 
7 12 29 
-2 -23 26 
7 19 23 
-8 14 -20 
-4 6 -27 
-11 -12 -23 
-9 15 30 
4 14 20 
7 -21 28 
10 -11 20 
19 -22 23 
-10 13 30 
20 -23 28 
-1 3 18 
-1 -8 -9 
2 11 18 
17 21 -26 
19 -27 -30 
2 -22 23 
4 11 30 
-3 12 28 
-4 10 20 
6 17 -29 
-20 22 -25 
-3 16 29 
9 -11 -23 
-2 -15 30 
-3 5 -17 
6 -12 25 
-14 -18 27 
-1 20 -22 
25 -28 30 
-6 10 -25 
-7 -18 -19 
-3 -7 28 
-6 11 -27 
-9 -12 29 
-2 5 19 
-23 25 26 
8 -12 28 
5 10 18 
4 8 12 
10 -12 30 
-5 10 12 
-3 -19 -29 
12 -19 -28 
-11 16 20 
-2 13 -24 
5 -7 -12 
-2 22 23 
5 14 28 
-1 21 27 
-15 22 26 
-18 22 23 
-8 -9 -28 
10 -11 26 
-3 -14 -29 
-6 15 21 
6 -10 -16 
