-3 -19 49 
8 17 23 
-18 31 -49 
-3 14 36 
-5 -40 -44 
24 -31 40 
-14 -21 27 
-23 37 39 
-39 -42 -44 
-1 7 -27 
9 -21 -49 
-14 25 37 
-9 -12 41 
8 -24 -33 
-6 -32 50 
-6 -17 -48 
-17 22 25 
-8 12 -41 
11 -26 -48 
10 -27 -39 
-18 -31 -32 
5 -10 44 
-21 -35 -46 
-1 20 27 
21 -28 -41 
11 29 -44 
-33 -35 38 
-3 18 25 
-1 17 -36 
-13 34 -47 
-4 24 39 
2 -38 -45 
1 43 -46 
10 -41 48 
-8 -30 48 
-7 -9 26 
-3 8 -20 
7 31 -34 
13 -23 31 
6 -35 38 
10 18 -21 
17 27 38 
-14 -40 -42 
-7 -37 -48 
-4 -11 -50 
16 20 26 
19 22 48 
-6 -48 -49 
28 -40 -47 
8 26 36 
19 -32 42 
17 36 -44 
-22 23 33 
36 -37 49 
13 20 46 
2 -13 -16 
-12 16 -44 
-5 37 43 
9 -24 -30 
23 31 37 
-6 -26 -45 
6 -17 -47 
-22 -36 -45 
-14 27 -32 
-1 -13 -28 
8 27 39 
-11 30 -46 
7 37 -49 
13 35 -38 
-16 -17 -23 
11 25 45 
21 22 29 
-1 15 -45 
-14 20 42 
9 28 -49 
-6 -8 27 
-23 -34 45 
8 18 -29 
9 21 43 
-6 13 -28 
8 43 -44 
15 -18 44 
-14 15 41 
-9 -12 -31 
22 38 42 
-22 34 -44 
-12 19 -36 
2 19 -46 
15 -33 -41 
15 -37 -42 
17 -45 49 
-15 -20 -27 
14 25 -49 
-27 -48 -49 
14 -22 -35 
-15 17 -30 
-16 43 44 
-9 -22 33 
-15 39 -48 
-20 -43 -45 
22 35 37 
1 -21 43 
10 -33 38 
4 26 -50 
-12 16 19 
-4 28 -31 
-3 -16 -20 
-30 45 -49 
-27 -28 -42 
22 23 43 
-11 32 46 
-16 21 -47 
-2 16 -34 
7 -13 32 
1 -18 -43 
8 -18 -48 
-4 30 37 
-13 -24 46 
-24 -38 45 
-15 35 -40 
-9 -43 -44 
8 13 18 
28 30 35 
-12 -14 -44 
-4 6 -45 
-8 9 -26 
-3 -15 39 
8 13 20 
-16 42 45 
3 -22 -37 
5 -7 -9 
6 8 45 
8 -20 35 
5 -7 -24 
18 40 43 
4 27 -33 
-22 -26 -40 
12 42 48 
10 14 25 
-4 -36 -42 
15 -36 -45 
13 -19 -29 
-2 10 -50 
-19 -26 36 
-4 -37 -43 
9 -34 44 
12 -28 45 
-27 -28 -33 
-18 26 34 
25 31 -37 
-12 -37 41 
-6 37 50 
4 -16 18 
14 16 -50 
31 33 36 
-22 41 -50 
9 -35 38 
11 -16 -44 
4 -19 43 
22 -42 47 
20 -26 -31 
-13 -15 49 
10 -21 -34 
9 -12 -46 
10 -11 -21 
5 -28 -44 
-26 31 -41 
-12 38 -44 
19 23 43 
1 -12 24 
-21 -26 -29 
8 -15 -25 
25 30 41 
7 -17 -20 
32 -36 50 
11 31 -39 
-35 43 -45 
20 22 -36 
-8 -33 39 
29 33 -42 
