13 -15 29 
-17 -20 30 
12 16 23 
-23 26 -27 
-15 21 -24 
7 -19 22 
2 -7 26 
-14 -16 27 
3 -5 -11 
-15 16 18 
-7 12 -27 
5 -7 -12 
2 4 11 
-19 23 28 
12 15 -27 
2 -5 -22 
-9 20 -23 
-8 10 -19 
3 -5 25 
-3 -14 -26 
7 -24 -28 
-1 -4 -11 
18 -23 25 
-3 -13 -29 
1 8 26 
12 -17 -23 
22 28 30 
-9 -11 -14 
18 22 24 
10 -16 -18 
21 24 -30 
14 29 30 
-5 -11 -14 
-3 -20 -21 
-7 -27 -30 
15 18 -25 
11 -26 -29 
11 21 30 
4 -12 -22 
-24 -25 30 
-16 26 27 
-20 -23 24 
-9 -24 -27 
12 23 25 
4 -9 -21 
16 17 28 
3 10 24 
-1 -14 17 
-5 22 -23 
-5 -6 8 
20 -23 26 
-19 24 -25 
5 6 24 
-3 21 27 
-13 -20 21 
-2 -10 28 
13 15 -25 
5 -6 -14 
-5 7 20 
1 -15 -26 
-18 23 26 
-10 -22 -26 
12 -28 29 
8 -14 -17 
16 25 30 
-3 -5 8 
-14 15 17 
-10 13 -26 
-10 -26 -30 
-6 -13 21 
3 -16 -18 
12 -15 24 
-12 22 -24 
9 17 21 
-14 -21 -30 
-3 -25 -26 
-6 -7 23 
4 16 26 
5 16 -26 
-4 -12 24 
21 -23 -29 
-2 11 -25 
1 25 -26 
-4 22 27 
2 -4 -20 
-5 28 30 
-10 -20 28 
