-16 28 -67 
-1 30 -64 
-41 48 -70 
32 -57 69 
14 37 -57 
-5 17 -59 
4 -9 24 
-2 -30 39 
18 -25 59 
-25 56 68 
1 14 -66 
5 34 -61 
4 7 -49 
25 -45 56 
-23 28 32 
-22 40 -68 
-26 48 -54 
37 46 48 
-56 65 -67 
-14 26 -30 
-2 36 62 
23 -44 65 
-14 -15 28 
-4 29 -45 
7 -21 -60 
-57 59 60 
-16 49 -52 
11 -56 -67 
6 17 44 
-16 -29 -42 
32 -53 67 
-16 -20 -69 
-11 44 69 
3 -13 29 
-38 -47 51 
3 -36 51 
-4 -15 50 
-47 -50 62 
-15 25 -34 
-22 30 -42 
23 -61 -62 
-17 -50 -70 
-35 -40 -58 
20 26 57 
-57 59 66 
20 -54 59 
-54 -55 67 
3 -44 -50 
43 -44 65 
18 -29 51 
2 30 43 
31 61 -70 
-20 -43 -63 
1 6 45 
-1 20 54 
-14 57 60 
20 -23 -27 
24 -54 59 
21 35 68 
2 -51 56 
41 54 66 
-5 25 -56 
-3 14 26 
29 -42 57 
31 -39 42 
-24 40 62 
45 -47 -64 
-12 -13 58 
-8 -14 -23 
49 -58 -64 
4 61 68 
-18 -21 -44 
7 -59 65 
14 -18 -31 
-28 36 42 
4 -25 40 
5 -21 -52 
14 -30 -33 
43 -44 58 
-31 46 49 
12 23 24 
-4 21 22 
-27 39 -49 
-13 18 -41 
25 -46 -66 
46 -58 -61 
-31 -58 -59 
-14 32 60 
23 64 68 
3 -52 -66 
10 -28 -59 
18 -58 -61 
8 -57 60 
7 29 -32 
-6 -46 51 
-28 42 -62 
30 -42 55 
28 37 40 
39 -64 65 
-10 30 66 
49 -52 61 
12 -33 -51 
-6 -22 -52 
-5 -63 64 
52 65 -67 
-16 -33 67 
25 -29 41 
22 40 -53 
-10 60 64 
-15 -22 -39 
-12 37 -49 
58 59 63 
-45 52 -53 
23 -29 60 
13 38 -50 
-18 -22 -42 
1 -11 60 
-5 41 61 
-47 -55 -58 
-48 -53 68 
5 16 -33 
3 14 42 
-25 -35 52 
-29 -31 -52 
-7 27 31 
-21 -23 -37 
-3 5 25 
-54 -67 68 
8 -54 66 
10 -30 -63 
-51 52 62 
1 -10 -48 
16 21 41 
-2 -46 -63 
34 52 57 
4 -14 -64 
40 -54 -64 
-41 -47 -70 
9 -43 67 
5 45 68 
-19 24 -26 
18 37 64 
24 25 54 
8 -42 46 
-28 -50 56 
-25 27 46 
4 14 67 
-22 -35 39 
8 10 33 
-14 -36 59 
3 36 47 
-10 51 -68 
38 -41 58 
7 33 45 
1 -30 -69 
6 16 70 
-5 -26 -59 
27 -48 -59 
-9 35 70 
17 29 -36 
30 -55 -68 
48 57 59 
37 40 57 
-6 24 45 
-8 -29 -47 
11 -14 -20 
-19 34 49 
25 34 -70 
-29 42 60 
39 -51 -57 
-5 12 63 
12 13 -42 
23 29 -47 
-5 -14 65 
-29 -35 -45 
30 -47 -68 
10 18 45 
-20 39 -53 
10 19 -42 
-20 -47 -53 
-5 -41 54 
-23 -39 -55 
-3 17 21 
42 60 -70 
13 -25 -53 
67 68 -70 
-29 -31 -48 
-3 -25 -62 
-10 -42 -57 
-10 -18 -48 
-39 40 -58 
-1 -46 66 
13 -16 -18 
-29 32 -44 
-5 15 29 
4 -64 70 
-7 -46 67 
-31 39 -44 
4 -5 -37 
-6 -32 -36 
4 54 69 
15 34 -68 
12 -20 -46 
-11 22 -30 
46 -49 60 
25 40 59 
-13 14 -27 
-12 27 50 
3 23 -41 
-39 55 -69 
12 29 -54 
-44 47 67 
-8 -23 -58 
-37 -42 -61 
-7 29 -70 
-8 55 -67 
26 59 -66 
35 -39 57 
-12 -20 -48 
21 -33 61 
-11 31 49 
18 -58 -60 
9 -52 -56 
-32 48 50 
23 -34 36 
-13 14 -32 
8 -40 -65 
2 -22 -61 
7 20 -61 
-21 31 43 
-40 44 -50 
10 -11 54 
-26 -38 -40 
42 -45 56 
-6 34 -55 
13 -18 -63 
-13 -19 51 
-9 -36 -50 
-8 -22 47 
-21 31 -55 
21 26 -68 
3 -38 -48 
10 55 -64 
-34 49 -56 
39 -58 -60 
7 -26 27 
-19 -41 64 
27 -28 -69 
-28 -34 45 
26 -32 36 
-22 27 34 
14 -44 59 
-33 -49 54 
3 -18 -62 
-33 54 68 
-26 28 47 
8 29 -31 
-14 -48 -59 
41 -47 -56 
-2 11 -17 
-56 -61 -68 
2 -3 -25 
-29 31 -40 
-17 -28 -56 
12 52 62 
34 -37 70 
-27 -44 48 
-5 9 -23 
9 -31 -51 
-17 -19 -68 
4 -10 -26 
33 -56 -57 
-12 44 45 
-12 18 -51 
12 -13 -23 
30 -43 46 
-46 47 48 
29 -30 -33 
-18 22 32 
20 25 53 
-1 -23 -50 
8 9 67 
25 -52 58 
-26 36 48 
-11 -35 -70 
-13 30 52 
-19 31 50 
-54 -55 -68 
1 12 -59 
2 28 -41 
41 45 -49 
2 -8 46 
-4 -43 50 
2 47 52 
3 5 36 
5 -45 55 
5 33 -42 
-19 -29 -33 
-12 -20 -24 
-20 46 -59 
5 11 30 
3 18 -56 
23 37 -39 
-20 37 -62 
13 27 68 
-15 -32 -48 
-31 36 -60 
10 -51 -60 
15 52 68 
29 -60 -63 
-7 -9 -26 
11 17 -25 
-32 -37 -63 
-9 42 48 
-1 -15 -68 
-1 25 54 
30 -36 50 
-25 -45 -69 
-4 49 52 
32 -44 -66 
27 36 64 
2 -3 37 
35 55 69 
31 43 -49 
-11 -35 -69 
13 14 15 
-21 61 -66 
10 -16 31 
-27 -33 67 
1 -3 -50 
1 11 -59 
22 -28 29 
18 -42 60 
-16 26 60 
-17 40 63 
-49 56 -66 
33 41 -53 
1 20 -56 
-20 -45 -56 
1 -37 60 
9 20 51 
-7 44 -65 
11 21 42 
24 -40 -44 
20 48 52 
-11 21 -64 
3 25 -62 
-59 64 -68 
11 22 -43 
47 57 -66 
13 16 -52 
5 -10 29 
-19 -37 69 
7 28 62 
8 26 -56 
-50 57 62 
-21 -56 64 
-12 -34 63 
-21 -43 68 
1 14 43 
-4 -26 -62 
-34 51 -52 
13 -31 51 
-10 22 -58 
15 -56 -63 
2 21 -53 
3 -19 -34 
-15 56 64 
-7 24 39 
-20 30 -31 
-35 -53 61 
10 51 -66 
13 -34 43 
10 -14 50 
3 -5 52 
36 55 56 
-30 -35 -59 
-14 54 63 
14 17 -58 
17 25 -67 
8 -21 -69 
53 -63 64 
9 34 -43 
-30 -31 68 
-3 -27 38 
-34 -46 69 
-3 35 -61 
-31 -42 47 
4 44 68 
14 28 48 
28 -29 66 
39 45 -51 
24 41 50 
-7 -36 41 
19 -26 35 
14 -24 -45 
3 -38 70 
26 -39 52 
-29 -40 46 
