-29 -49 -62 
-14 67 68 
35 -60 -64 
-8 -18 36 
15 27 34 
10 21 -39 
15 34 39 
-3 20 22 
4 17 -20 
-5 13 22 
-3 -44 55 
-29 -62 67 
-41 68 70 
2 49 50 
-3 -12 -37 
33 -44 -66 
45 58 -60 
-14 15 44 
-25 -53 -63 
40 52 66 
-23 -50 57 
25 45 -65 
30 39 -66 
17 42 -49 
31 56 63 
19 -39 51 
10 44 66 
-4 15 39 
-18 -22 66 
-37 -42 46 
31 -65 66 
41 51 61 
-6 -19 -65 
-11 -30 46 
4 28 -58 
-16 -43 64 
11 -15 -17 
35 55 -64 
32 -37 43 
2 21 -31 
14 -55 -58 
5 -20 54 
-16 43 56 
-19 -33 -55 
-41 48 -63 
20 43 47 
-33 49 -60 
36 63 68 
-7 -25 49 
15 -39 -51 
6 48 -57 
29 37 -63 
-3 -22 -59 
-7 42 -46 
-44 -56 -63 
27 -52 -69 
16 34 48 
31 40 -53 
-20 -25 -34 
13 -30 35 
6 26 -66 
-3 -25 -28 
22 40 -63 
10 -11 -34 
4 -22 -25 
22 34 -70 
35 42 -69 
-8 11 43 
-5 -8 67 
16 -29 67 
-21 -47 -67 
-37 -44 61 
1 10 -21 
-5 24 -28 
-8 41 -63 
-18 20 60 
13 43 -51 
-12 29 -49 
15 19 -68 
23 -28 -36 
16 -25 -55 
-32 35 37 
1 -19 -51 
-40 -53 -69 
2 16 -69 
1 45 -66 
3 -49 62 
27 -59 -66 
-17 48 -70 
30 -41 -60 
14 -22 48 
22 25 -51 
-9 28 68 
-2 46 56 
-46 -61 -64 
11 -31 49 
-7 -59 -67 
7 19 -57 
21 27 -57 
-9 -23 -33 
-11 -22 -29 
-33 37 -58 
24 -67 -68 
6 -19 27 
10 34 58 
4 27 -39 
-4 7 -50 
17 -39 61 
-41 -55 60 
-37 -55 -67 
45 51 -65 
-31 33 44 
27 37 48 
-3 20 -25 
12 -39 68 
-18 37 59 
-33 43 -66 
14 15 -49 
6 51 66 
12 -15 27 
6 -45 -58 
-6 8 -26 
3 19 -31 
5 -32 36 
-12 -38 46 
-5 18 -58 
-7 -21 46 
-2 13 59 
-34 -44 54 
16 -21 22 
-5 -33 68 
-26 -31 65 
-7 28 30 
22 55 -62 
-22 37 -65 
10 18 -60 
-7 -21 -54 
35 -59 -70 
32 68 -69 
-25 -39 -56 
15 39 -43 
-7 33 -43 
25 -33 56 
19 53 54 
-15 -63 -68 
42 46 51 
-13 -39 -43 
-20 -22 52 
15 -57 63 
-2 5 53 
33 60 -67 
21 28 52 
-28 64 -67 
-3 -28 -60 
-4 28 -59 
24 -43 -70 
-12 28 -31 
-11 -15 -63 
8 -52 69 
21 -23 50 
13 14 57 
6 -17 -63 
-13 -52 61 
-9 35 39 
6 13 -51 
19 -38 66 
-5 -16 31 
17 36 -67 
5 34 65 
7 -36 -56 
-17 18 -56 
5 -32 63 
8 -34 46 
-26 50 -59 
-4 -17 22 
-23 27 69 
-22 -26 -50 
9 -20 68 
35 62 65 
-2 10 24 
-22 -23 63 
1 29 -44 
-34 38 -64 
-10 -38 63 
-24 56 -58 
-31 -39 -44 
-4 10 -25 
41 61 -70 
-17 -61 69 
9 -33 -52 
-32 -51 70 
39 -66 -67 
-37 -63 67 
-9 56 68 
10 -37 -47 
-34 43 69 
30 33 64 
-54 -55 -61 
6 10 49 
-26 -33 37 
-5 39 40 
-5 -19 57 
-23 24 -58 
-2 55 66 
-22 -29 -56 
-2 -26 63 
-8 -25 -44 
13 32 -35 
-7 8 -28 
10 -45 -58 
-11 55 -57 
-41 42 56 
43 -69 -70 
-24 -38 49 
-7 41 65 
3 45 55 
-4 -5 -40 
-15 46 -63 
4 20 -70 
3 12 -52 
-38 -55 59 
29 40 70 
60 62 -64 
2 39 -50 
35 -52 -57 
-32 59 60 
13 21 62 
-14 25 -39 
19 -24 42 
2 39 -54 
17 22 -64 
-2 5 35 
13 32 -43 
-27 61 68 
15 30 -50 
12 59 -67 
-13 -19 65 
7 20 22 
15 -22 69 
-31 37 42 
33 37 63 
-36 40 47 
-17 -45 56 
46 -50 57 
-7 24 45 
1 -29 38 
28 -61 67 
-11 -25 -66 
40 44 -62 
19 27 39 
28 -30 63 
-3 29 -33 
5 -37 44 
16 -51 55 
20 -54 64 
-33 -51 -56 
32 -53 -61 
5 -14 -19 
-15 45 -70 
-4 -9 -38 
-8 -41 54 
4 9 -43 
10 -31 55 
13 -25 -42 
-11 36 62 
-12 15 59 
-28 42 59 
6 59 64 
-10 34 -59 
-15 -24 56 
-2 19 -30 
-16 19 57 
7 16 -64 
30 45 54 
19 27 -61 
25 -39 63 
17 56 58 
-1 24 28 
-37 -38 -46 
23 -51 54 
15 -40 50 
-2 -3 -24 
-9 47 -66 
39 -46 66 
-32 37 56 
3 -57 -58 
-49 54 70 
-25 -48 53 
-7 -17 -44 
-28 32 -53 
-21 -26 -63 
43 58 -62 
6 10 -66 
-13 62 -65 
