-19 29 -45 
26 29 60 
-7 56 -64 
-28 -50 -53 
14 -26 -61 
-1 34 69 
-7 -32 65 
41 -52 -53 
4 35 -40 
27 48 60 
4 -46 -65 
35 -36 60 
20 -34 -69 
-19 -35 51 
2 -52 61 
37 43 -47 
36 -55 -67 
22 41 -50 
8 -53 -69 
-38 63 -70 
-28 37 -70 
-2 50 -52 
5 -31 66 
-1 16 -41 
-11 51 -60 
-5 50 -60 
-18 -30 66 
43 50 -55 
4 -50 -70 
22 43 -44 
15 29 -50 
-5 -8 -25 
-8 -30 31 
-3 8 -70 
6 -8 62 
26 51 59 
-28 -37 -64 
-11 -38 -68 
20 -29 -52 
10 22 34 
16 30 68 
4 -14 44 
3 6 -27 
44 49 -69 
-29 -36 68 
23 34 -68 
5 -16 -42 
4 25 35 
-9 16 -45 
1 45 67 
-6 -42 59 
10 14 45 
28 34 -70 
10 -43 62 
-3 24 70 
-17 30 55 
28 -58 66 
-5 18 42 
35 48 -60 
-49 -50 -64 
-23 -56 -68 
-16 32 -51 
-36 -42 -43 
-2 20 -60 
-20 -24 46 
9 -40 -61 
12 -16 -33 
4 -60 -63 
-25 37 -68 
-6 47 -69 
1 -14 53 
20 -31 45 
-23 -34 -52 
43 -44 45 
-3 -12 -19 
-21 -31 60 
-35 -47 -69 
32 -34 -41 
-39 49 57 
-14 -65 -67 
-21 29 35 
-15 48 -67 
19 43 49 
10 28 68 
-16 -43 -54 
-23 30 -32 
-2 16 62 
-10 14 -48 
-12 -44 48 
-23 26 38 
17 24 70 
-33 -35 -62 
-10 -29 -61 
8 -11 -55 
-6 10 47 
55 -60 62 
6 -46 -51 
-3 4 -62 
12 -21 -58 
1 26 41 
-29 44 -45 
3 -18 36 
2 47 -49 
-2 56 62 
-35 53 -70 
9 -29 -35 
-14 18 -40 
38 45 63 
4 11 -29 
8 23 24 
14 -26 -58 
9 11 67 
9 13 56 
-18 56 -60 
-12 -21 28 
-9 -17 34 
-15 17 23 
-21 -47 -54 
6 -7 -61 
-10 30 45 
29 -35 -60 
-10 -51 56 
-53 -54 -63 
-2 45 55 
12 54 66 
-11 -31 60 
-6 29 62 
-10 22 31 
-5 -17 36 
7 -61 70 
4 -8 43 
-14 55 -64 
8 42 64 
21 -44 53 
1 15 -34 
8 15 51 
-41 -42 62 
38 68 -70 
32 -33 35 
-16 23 29 
-6 -7 65 
-22 47 59 
-3 31 49 
26 -31 70 
21 -45 -69 
-7 -23 67 
10 14 -48 
-1 -17 -64 
-14 -16 26 
-34 43 70 
15 -39 64 
20 33 45 
2 4 -29 
11 -53 69 
-9 66 67 
15 19 -44 
-10 -26 -28 
9 -21 -57 
6 7 -60 
25 30 65 
31 64 -65 
3 -45 65 
1 -26 48 
33 38 -45 
-23 -26 -35 
18 -22 -56 
14 -31 -47 
23 -42 64 
13 -35 -64 
9 -26 -37 
13 58 -59 
-5 -13 -38 
-5 -13 57 
-7 -17 -45 
34 44 55 
15 21 -68 
-14 20 -35 
26 29 55 
13 -36 41 
-49 62 70 
21 -32 -58 
-2 -10 53 
