-24 25 51 
6 30 -41 
-3 13 59 
-14 -47 -61 
37 65 -68 
11 28 56 
19 22 49 
-24 47 -59 
-1 -26 57 
-30 42 64 
-23 -25 -51 
-12 -50 56 
29 -60 68 
53 62 -66 
16 49 -61 
-4 26 37 
-19 33 -57 
-3 38 -49 
-4 -16 61 
14 33 52 
-50 60 65 
10 -35 -49 
7 20 67 
9 23 58 
7 -11 46 
12 48 -58 
-13 -36 -51 
4 23 41 
17 -39 47 
56 64 66 
-3 -58 63 
-1 -12 23 
33 -38 -57 
18 24 -37 
20 32 54 
10 14 -36 
33 -34 57 
14 -20 26 
-11 26 28 
-37 -49 61 
3 8 -53 
17 -21 -54 
-13 -24 -58 
-28 44 57 
-27 51 -70 
13 -19 -30 
-8 -37 -60 
-3 -32 -35 
47 -55 68 
-16 -17 46 
-5 31 -54 
21 -42 60 
-15 64 -67 
-25 -38 -57 
-22 -35 -42 
38 46 67 
18 -28 -31 
5 -48 66 
-8 22 27 
-33 -48 69 
-5 54 65 
-20 22 -34 
-18 19 -20 
6 -21 -65 
20 24 52 
4 -45 52 
7 -22 -36 
-19 -25 -59 
34 -54 64 
-46 -57 -70 
25 -34 44 
-4 -11 16 
-30 -34 53 
-6 26 -35 
-8 -15 68 
-19 -33 -50 
-33 -60 62 
36 53 -64 
-5 -17 -31 
-9 24 -70 
9 19 32 
14 -32 58 
34 62 -63 
-3 35 47 
-4 16 60 
45 -49 51 
28 52 -62 
-12 -14 22 
-5 -18 50 
29 -40 43 
-28 45 -63 
25 50 -66 
-35 -36 67 
-10 -14 -29 
17 -25 -42 
-3 -6 46 
9 -53 -57 
-7 17 -69 
20 28 -38 
-14 54 -59 
-9 16 24 
-24 -37 -40 
38 46 -48 
-19 -41 54 
16 27 36 
-39 44 69 
8 22 55 
-10 -54 -65 
-11 18 -48 
11 -49 59 
-14 39 -59 
9 -54 -57 
-15 19 33 
13 -32 38 
-2 -52 57 
2 -30 -63 
29 30 -37 
11 12 -46 
-10 -21 28 
-3 -5 -44 
-1 -20 -56 
7 10 -43 
-11 -19 53 
10 13 -20 
46 -59 -60 
-6 37 41 
17 -21 23 
-5 -23 -36 
2 48 52 
2 -24 64 
43 54 64 
12 -26 -44 
-13 63 -68 
17 55 66 
1 44 53 
-2 -10 -21 
3 -20 -52 
-1 56 -62 
-28 -39 60 
20 23 31 
-10 31 -59 
52 57 67 
3 -56 58 
11 -45 -66 
24 -58 60 
-13 48 -53 
-26 41 -62 
-11 -27 67 
-13 35 -45 
10 47 -56 
-20 36 67 
-16 -37 67 
-1 -25 54 
-21 -53 64 
-22 53 58 
-24 30 46 
-36 -37 66 
-21 -39 -66 
-3 -30 46 
-24 -42 -47 
21 -31 58 
34 -39 -42 
44 49 70 
9 41 -47 
-39 -57 -58 
3 33 -67 
7 -10 13 
-12 22 48 
-39 55 65 
-21 22 -42 
16 -33 63 
-27 34 61 
2 -39 -55 
42 58 63 
-4 -14 -17 
-1 31 -53 
-51 55 63 
-2 -32 70 
-13 -39 63 
-3 4 29 
23 -31 38 
-29 63 -64 
27 60 -64 
11 51 66 
-3 21 45 
56 -58 -61 
-8 51 -69 
-7 18 -32 
-6 39 -58 
-10 25 -32 
3 48 49 
29 -55 -59 
-20 31 -39 
-2 3 -46 
2 -8 55 
44 48 -67 
14 -27 -63 
12 -28 61 
39 44 57 
45 49 -61 
13 -64 -68 
4 39 68 
12 24 32 
-8 -34 57 
3 -4 -33 
17 27 33 
30 -52 66 
5 -27 -38 
-9 33 -68 
15 38 -52 
29 34 -37 
9 27 68 
-5 -21 26 
-7 -27 -60 
15 -17 19 
-8 52 -58 
7 -17 57 
6 36 57 
24 52 -55 
30 33 -45 
-4 -18 21 
37 69 -70 
5 -23 52 
14 -42 63 
-34 -50 -54 
17 18 -53 
-33 -62 66 
-26 -54 61 
4 -22 -35 
3 -28 59 
15 50 56 
-18 23 51 
-35 -44 -53 
-4 -53 -68 
8 -22 -55 
31 45 66 
-17 -19 48 
15 -51 54 
-5 -53 55 
3 43 62 
19 21 37 
-5 18 41 
-30 -43 70 
2 -13 -68 
-24 -31 -47 
25 34 64 
7 39 -70 
-1 38 -63 
19 -30 51 
-2 -7 -35 
-1 -28 42 
-1 68 -69 
4 10 25 
19 55 -61 
-60 62 64 
19 50 66 
10 27 51 
20 -35 64 
-16 -28 55 
12 14 18 
17 37 56 
28 40 43 
-3 -9 69 
17 59 69 
-1 8 65 
-8 -32 58 
-5 -24 59 
6 -15 22 
18 -45 64 
2 46 -62 
-13 31 33 
-26 -29 47 
-12 24 -50 
6 -31 -55 
14 -26 -54 
41 -47 69 
29 -52 53 
15 -31 -66 
-42 47 53 
29 -53 -60 
20 -32 47 
13 -15 52 
8 51 -65 
13 -40 68 
-38 -63 68 
4 -25 -38 
-4 10 -15 
-8 41 -63 
-7 -14 52 
-5 -10 -32 
5 -42 60 
-31 -34 59 
-7 -40 -41 
-27 -51 -56 
-7 -52 58 
10 47 -49 
39 -50 64 
18 -55 60 
-12 28 -62 
-27 -56 62 
-16 20 47 
-35 -38 47 
4 28 69 
6 -23 63 
-35 62 -69 
-31 39 -65 
48 -53 57 
-26 -32 59 
-6 -57 60 
-53 -58 64 
-2 -38 -54 
-14 -36 53 
30 -38 54 
1 -9 -44 
9 -15 53 
26 43 -47 
1 4 25 
-32 40 -48 
7 -52 -68 
-24 -40 49 
-3 16 -39 
-11 -47 -62 
-35 49 -70 
2 25 -45 
-2 -9 -16 
2 16 21 
-47 -58 61 
-2 -25 -29 
18 -33 -41 
5 14 23 
16 -18 -58 
-20 27 -52 
-24 -29 64 
2 -16 -41 
14 -29 -32 
-39 55 -67 
-14 25 51 
5 -18 -66 
-28 35 52 
13 -18 -50 
-40 -56 65 
-41 43 62 
-13 -52 56 
28 31 -33 
-19 -59 -62 
36 40 -65 
-36 -46 -49 
-1 -29 57 
6 -52 -61 
-7 -32 -53 
