-32 34 57 
-11 16 52 
6 -39 -59 
21 -56 -57 
-9 49 63 
-8 27 -53 
18 -28 -56 
-13 -59 -69 
5 23 -29 
3 -21 47 
-11 -30 -64 
-22 31 45 
16 -34 -64 
-7 -52 63 
28 38 -64 
-5 -7 70 
15 -34 -50 
6 61 62 
24 -33 44 
37 -51 65 
-27 34 39 
2 47 68 
-57 -59 -68 
-37 43 54 
-8 -58 65 
-28 -32 -41 
-6 11 62 
5 27 51 
-2 -21 -41 
22 -64 -70 
-31 34 -36 
8 -50 -70 
28 50 51 
4 -14 -47 
12 15 -66 
6 16 49 
25 -58 -59 
3 25 -47 
23 28 65 
38 43 -66 
-14 15 -39 
7 -20 22 
-26 32 -67 
-18 -33 -69 
7 12 -66 
-1 -32 40 
27 -58 61 
-29 -52 66 
-8 -15 -57 
43 49 -53 
44 58 62 
16 21 66 
29 -40 -57 
19 -51 61 
7 9 50 
-10 35 62 
2 24 -51 
-33 44 -52 
22 -23 -51 
30 -38 54 
6 41 -47 
25 -52 -56 
-5 15 23 
19 33 -49 
21 -46 -68 
-21 26 44 
23 39 -41 
-9 26 28 
-40 46 -65 
-35 51 -52 
-9 -58 62 
-55 64 68 
-7 48 -67 
31 32 59 
-5 38 -68 
21 26 47 
-23 27 -39 
25 -51 -57 
-4 -27 -35 
-9 -30 -47 
-20 57 65 
-8 17 -27 
6 27 -40 
10 38 -43 
-16 -24 -43 
25 31 47 
-14 -15 -28 
14 -39 -69 
22 -30 -44 
-45 -58 -62 
26 -55 61 
8 11 -34 
-33 -65 68 
1 -12 -18 
-14 -46 -64 
48 -61 -62 
-12 46 -47 
-17 -28 34 
-33 46 50 
-47 -59 -68 
-11 17 70 
13 -16 67 
11 -47 65 
-41 -59 68 
-6 19 56 
-25 41 55 
15 -43 -65 
-2 -58 62 
-29 -57 -60 
-35 -38 -46 
-18 30 -68 
20 60 68 
-9 -33 36 
-11 -23 25 
9 22 -56 
1 -20 27 
-13 -50 -65 
-23 34 -35 
-35 40 53 
-15 -25 -35 
28 50 -70 
-2 -62 68 
-11 -30 41 
24 30 -65 
2 30 52 
21 -27 -46 
-7 45 65 
-34 41 -47 
-30 34 -42 
-40 44 46 
-2 15 -41 
9 -25 -70 
49 -52 53 
-20 40 52 
-24 44 -54 
2 -15 -69 
10 27 28 
7 -13 -59 
29 51 -70 
21 -60 -68 
-6 -38 50 
-31 -34 35 
19 23 57 
1 18 24 
-2 -18 -50 
-15 -52 66 
1 -15 -26 
1 -44 -57 
-8 -14 -15 
-10 -37 70 
1 19 -31 
16 42 -65 
15 28 -45 
3 30 -58 
9 -51 52 
-14 37 -41 
30 -36 -49 
-2 40 -58 
1 -34 36 
-14 52 62 
1 23 -29 
-19 -32 35 
13 62 64 
8 -17 -35 
-5 -11 63 
37 -46 69 
-3 -16 21 
10 55 63 
-51 -53 -67 
2 18 -24 
-12 29 51 
26 34 -68 
-14 -20 70 
-6 -44 60 
-2 -41 66 
-13 -68 -70 
-23 27 -60 
-15 -38 -70 
-12 -39 56 
20 -25 -45 
-18 -52 55 
-9 -53 -62 
-21 -49 65 
-22 37 54 
-5 -15 61 
6 -20 -46 
-15 53 -69 
13 16 33 
-17 23 26 
-13 28 -53 
-39 57 -64 
-3 8 -63 
19 -46 -48 
-3 27 -52 
-37 49 -68 
-42 44 49 
-49 57 -67 
-5 -41 -58 
-26 -27 41 
15 -26 41 
8 -26 42 
10 45 -66 
27 33 46 
-3 27 -52 
17 24 -47 
-45 46 49 
11 55 62 
8 -36 42 
4 -17 56 
-28 -40 49 
-13 47 54 
9 26 62 
3 44 -66 
2 -18 -38 
12 18 40 
-6 53 -58 
10 -16 53 
5 33 -39 
4 -7 26 
-5 -39 63 
-23 -65 -68 
19 23 -69 
-7 -45 -67 
-2 -47 -69 
5 -41 -63 
-6 36 62 
-25 -45 70 
10 21 43 
-14 -18 -29 
43 61 -70 
27 -42 56 
-29 56 65 
-21 -39 49 
-7 -12 48 
-31 -49 -62 
-7 35 -52 
16 48 56 
-8 16 -61 
2 22 68 
-8 -22 66 
-16 20 -64 
-32 -64 -69 
3 -61 62 
-38 -41 62 
-37 -50 -53 
-2 -15 36 
-32 36 53 
16 45 -55 
-24 -43 52 
-8 -45 -67 
32 40 64 
-7 -25 -39 
17 39 -63 
-11 -41 49 
27 -30 57 
-11 -41 -56 
15 -52 65 
-14 -47 -62 
-20 39 -46 
-23 -52 -58 
38 56 -57 
-11 -18 48 
36 43 -52 
-13 -22 -23 
-10 28 -65 
30 -53 56 
