-22 24 -29 
-15 21 -24 
-3 14 27 
23 26 30 
-4 -6 -12 
13 17 22 
-2 -10 27 
-12 15 29 
2 13 27 
1 -7 12 
-18 -26 29 
12 13 -19 
-12 13 -30 
-1 7 -21 
-6 -19 -30 
18 26 -30 
12 16 -23 
8 -16 22 
-2 -9 -21 
-9 -12 22 
-13 16 -21 
10 26 30 
4 10 -19 
-24 25 30 
-11 21 -30 
13 21 27 
-13 18 28 
-1 3 7 
-5 14 27 
-9 13 -15 
10 -18 -30 
3 -21 -26 
3 -15 -18 
-7 -18 27 
-6 10 20 
4 26 28 
-6 10 -11 
-11 -23 -28 
-11 13 25 
3 -8 11 
2 -8 13 
1 16 -20 
-3 -25 29 
-13 14 -23 
-6 28 30 
-2 11 -19 
2 15 -27 
-16 -18 -25 
-7 -14 -16 
4 8 20 
9 15 -24 
4 25 26 
-10 -24 28 
1 -6 -20 
-10 -19 -22 
-9 17 23 
-16 26 29 
-8 20 -22 
-18 -24 25 
-5 20 29 
-3 -11 -30 
-8 -17 28 
-2 -11 -26 
-2 7 11 
-5 6 7 
10 -11 -14 
-4 17 -21 
-5 -12 -19 
4 8 22 
18 -23 24 
-6 9 -22 
4 6 26 
-17 21 23 
-6 -15 29 
-3 18 -25 
-8 21 -28 
-2 -3 8 
7 -11 19 
-2 18 25 
-6 -25 -29 
13 15 -21 
-8 -15 -22 
-16 -17 25 
12 23 -25 
-2 7 -17 
-4 17 -26 
6 -9 22 
-4 -13 -20 
-19 -20 -25 
-22 24 -28 
-1 -5 -15 
9 13 -17 
-7 -28 29 
-11 -17 -20 
11 12 -19 
2 -24 -29 
-2 -12 -25 
10 -13 -28 
13 23 -28 
4 -26 -29 
7 9 -20 
-16 21 -26 
9 -12 -24 
-4 15 -30 
8 -9 12 
-22 25 -27 
3 6 -11 
3 8 -27 
-25 26 28 
11 -20 23 
1 -12 29 
2 -9 20 
-3 -22 26 
-2 7 -22 
9 -11 26 
2 -15 26 
-2 -15 -16 
-9 -27 -30 
10 -21 -28 
-11 -12 -15 
-16 -17 -30 
-11 -28 30 
-7 -17 -21 
-14 25 -27 
12 -24 28 
1 15 -24 
9 -14 17 
16 -20 23 
10 -11 14 
-8 -26 30 
5 10 -20 
-2 22 25 
-12 -19 30 
-5 -18 -19 
-6 11 -17 
-3 5 16 
-1 -8 26 
4 -27 -28 
-4 27 -29 
-8 17 -25 
-10 20 -25 
-12 -15 -22 
-2 11 23 
-11 -12 21 
-2 17 -18 
9 -29 -30 
5 -9 11 
13 19 28 
-9 11 20 
-15 22 -26 
3 -6 24 
-11 -14 -24 
-3 9 -30 
-10 11 -18 
-12 -15 26 
-5 -23 -24 
-12 -19 -21 
-11 -20 -29 
7 9 -19 
20 -25 30 
4 7 -18 
8 -12 28 
-14 -15 -17 
11 -19 -27 
-3 -10 15 
-11 16 -29 
-11 -19 29 
1 10 -19 
-2 8 -12 
9 -12 26 
15 -18 -21 
-1 6 25 
7 -8 -28 
14 24 28 
