7 15 -18 
-1 -16 25 
4 9 12 
-4 -5 15 
-8 17 19 
5 -6 -22 
12 -15 -30 
-9 -10 30 
-5 -21 25 
3 -4 26 
-3 4 18 
-2 13 -26 
10 -13 -19 
4 -11 29 
-5 9 -27 
-3 22 -24 
-5 6 19 
15 25 -29 
15 18 25 
-3 -23 -24 
-10 14 27 
3 -7 25 
14 25 -29 
-1 -2 -12 
10 -23 -28 
-1 -8 -9 
2 4 17 
-26 -27 -29 
-2 13 -16 
-10 -13 -19 
-6 -9 -19 
19 20 25 
12 18 -25 
-1 10 -29 
9 17 -24 
-2 -19 27 
3 -8 -15 
1 -16 -21 
11 12 20 
3 -11 -23 
6 17 -29 
19 -20 25 
-19 -21 -27 
1 -6 24 
10 23 29 
2 12 -30 
-11 17 20 
-5 13 28 
-7 28 -30 
-6 -15 18 
5 17 -23 
-13 17 -30 
16 18 -22 
8 -11 -27 
-1 -12 -19 
6 8 -12 
-16 -25 -26 
-8 21 25 
6 -14 -25 
9 13 -28 
-4 16 19 
-9 -13 18 
-5 13 -27 
16 26 -30 
1 11 -28 
5 28 -29 
8 -9 12 
-4 9 27 
5 11 29 
6 14 24 
22 -23 -25 
9 -15 16 
-15 -16 17 
1 5 -14 
-7 10 -15 
6 -29 30 
-4 -8 14 
-6 -9 -29 
14 25 30 
-15 -21 22 
-3 -18 -19 
5 -10 -13 
22 23 -27 
2 -14 26 
13 26 27 
-2 -8 -15 
-10 12 -28 
1 20 27 
-2 8 19 
8 -9 -30 
-6 -12 -18 
4 17 -18 
2 7 -8 
9 11 -28 
4 5 -15 
-24 27 30 
1 13 -26 
-6 -28 29 
15 19 20 
11 13 29 
5 -16 20 
3 -11 22 
7 -10 13 
4 6 -30 
-9 -19 21 
-1 17 25 
-7 16 30 
6 -25 29 
5 7 29 
11 -29 -30 
2 4 -11 
-2 16 20 
5 -7 20 
2 -17 -27 
-3 -15 18 
1 -14 -30 
-6 -24 29 
5 19 28 
11 19 -27 
13 15 22 
-5 -12 18 
-6 7 8 
7 -17 -30 
-2 12 21 
-6 17 -21 
5 -22 28 
3 -13 -20 
24 26 28 
-18 -23 25 
-16 -28 30 
2 15 -29 
-4 11 -23 
-1 10 11 
-2 26 30 
-9 -13 25 
15 16 -17 
-1 13 -19 
6 7 15 
-20 24 -30 
1 4 -26 
-3 7 28 
11 -15 18 
-20 -23 -24 
-4 -13 28 
8 27 29 
2 -7 30 
-4 -8 -18 
-11 -12 13 
21 -22 29 
-7 -20 27 
-2 -16 23 
-13 -14 18 
-3 14 30 
2 -5 15 
7 18 -20 
-18 -21 23 
2 -10 -24 
-10 -13 26 
-9 -19 -28 
-8 -21 24 
3 7 -29 
-9 -21 24 
9 -25 -27 
-19 27 -28 
2 3 -10 
