-22 -46 48 
-20 -38 69 
25 42 56 
11 38 -48 
26 -47 57 
8 10 50 
1 -29 59 
-3 -10 40 
4 -16 64 
38 41 53 
-9 -21 -70 
-13 32 41 
14 -68 70 
37 60 -70 
-13 16 -33 
14 -33 -35 
14 26 -60 
-19 39 58 
-2 -3 68 
10 -47 -48 
-6 -16 37 
4 -39 -64 
-44 57 70 
20 26 -64 
21 32 -60 
-10 18 -67 
-4 -32 -49 
-33 -37 63 
2 -26 48 
-2 15 57 
-26 28 -29 
4 10 47 
-26 -34 43 
4 18 -68 
-31 60 -68 
6 26 61 
-19 -24 51 
18 54 57 
-29 -39 44 
-24 -41 59 
3 7 -12 
19 -25 -56 
-12 49 52 
16 -47 68 
-44 -66 70 
2 -8 35 
-9 -20 60 
-32 -48 70 
-9 -30 67 
-24 -26 65 
9 27 45 
-18 25 27 
-22 30 -57 
-8 -57 -61 
23 42 52 
-3 -32 45 
-11 31 -59 
-47 -60 62 
-1 -48 -49 
-2 47 -66 
5 -32 -36 
-8 -16 37 
12 -22 -65 
18 28 -38 
52 -59 60 
-18 -55 63 
-15 -31 -42 
6 27 -38 
-6 42 -56 
2 -39 -51 
-1 13 53 
28 41 47 
-7 -62 -67 
-11 40 -44 
7 33 -40 
-2 43 47 
46 47 -50 
-45 -51 -65 
-4 -9 14 
-11 -64 -69 
8 19 -53 
36 41 68 
17 38 -56 
26 -62 -68 
-42 -49 -70 
40 66 68 
59 64 66 
-1 12 -49 
-22 -52 57 
41 -43 62 
23 -29 -38 
-9 30 -53 
14 46 -63 
-19 -22 51 
27 -49 63 
-30 33 35 
-18 51 -62 
-28 -52 -66 
22 57 -62 
8 -39 41 
14 20 -60 
-2 34 -60 
-10 -16 25 
-35 -49 -63 
49 -59 -64 
12 -46 -64 
-11 38 48 
-4 -41 -64 
10 -12 28 
-29 -31 -57 
10 -49 57 
-4 -8 55 
24 -32 -34 
6 26 63 
-45 48 65 
-23 -55 -60 
-16 37 -62 
9 -53 65 
-39 -46 -49 
20 -24 -41 
-16 -20 52 
-14 15 -42 
-27 45 65 
36 55 -56 
-32 52 53 
58 -61 -68 
8 -46 -50 
-12 -14 19 
60 61 -63 
12 34 50 
5 49 62 
-24 -58 -64 
-12 -47 -65 
-8 -37 -63 
-2 4 -40 
2 -26 70 
15 16 -39 
-9 -34 70 
3 10 -38 
17 29 -66 
3 34 -55 
-13 60 70 
-26 -30 -50 
-36 -50 -51 
16 -44 -70 
-5 -12 61 
26 -58 -59 
5 47 -58 
-2 25 54 
-15 -29 -65 
-10 31 44 
-10 -14 68 
13 -30 55 
41 -49 68 
-33 -59 -68 
16 41 -54 
10 29 66 
-30 -44 58 
3 -22 -46 
29 -42 -43 
9 -24 -48 
7 55 -70 
-13 30 55 
8 -9 42 
10 -48 -61 
13 39 51 
-22 26 -66 
-49 -67 69 
-16 28 -67 
-1 30 -64 
-41 48 -70 
32 -57 69 
14 37 -57 
-5 17 -59 
4 -9 24 
-2 -30 39 
18 -25 59 
-25 56 68 
1 14 -66 
5 34 -61 
4 7 -49 
25 -45 56 
-23 28 32 
-22 40 -68 
-26 48 -54 
37 46 48 
-56 65 -67 
-14 26 -30 
-2 36 62 
23 -44 65 
-14 -15 28 
-4 29 -45 
7 -21 -60 
-57 59 60 
-16 49 -52 
11 -56 -67 
6 17 44 
-16 -29 -42 
32 -53 67 
-16 -20 -69 
-11 44 69 
3 -13 29 
-38 -47 51 
3 -36 51 
-4 -15 50 
-47 -50 62 
-15 25 -34 
-22 30 -42 
23 -61 -62 
-17 -50 -70 
-35 -40 -58 
20 26 57 
-57 59 66 
20 -54 59 
-54 -55 67 
3 -44 -50 
43 -44 65 
18 -29 51 
2 30 43 
31 61 -70 
-20 -43 -63 
1 6 45 
-1 20 54 
-14 57 60 
20 -23 -27 
24 -54 59 
21 35 68 
2 -51 56 
41 54 66 
-5 25 -56 
-3 14 26 
29 -42 57 
31 -39 42 
-24 40 62 
45 -47 -64 
-12 -13 58 
-8 -14 -23 
49 -58 -64 
4 61 68 
-18 -21 -44 
7 -59 65 
14 -18 -31 
-28 36 42 
4 -25 40 
5 -21 -52 
14 -30 -33 
43 -44 58 
-31 46 49 
12 23 24 
-4 21 22 
-27 39 -49 
-13 18 -41 
25 -46 -66 
46 -58 -61 
-31 -58 -59 
-14 32 60 
23 64 68 
3 -52 -66 
10 -28 -59 
18 -58 -61 
8 -57 60 
7 29 -32 
-6 -46 51 
-28 42 -62 
30 -42 55 
28 37 40 
39 -64 65 
-10 30 66 
49 -52 61 
12 -33 -51 
-6 -22 -52 
-5 -63 64 
52 65 -67 
-16 -33 67 
25 -29 41 
22 40 -53 
-10 60 64 
-15 -22 -39 
-12 37 -49 
58 59 63 
-45 52 -53 
23 -29 60 
13 38 -50 
-18 -22 -42 
1 -11 60 
-5 41 61 
-47 -55 -58 
-48 -53 68 
5 16 -33 
3 14 42 
-25 -35 52 
-29 -31 -52 
-7 27 31 
-21 -23 -37 
-3 5 25 
-54 -67 68 
8 -54 66 
10 -30 -63 
-51 52 62 
1 -10 -48 
16 21 41 
-2 -46 -63 
34 52 57 
4 -14 -64 
40 -54 -64 
-41 -47 -70 
9 -43 67 
5 45 68 
-19 24 -26 
18 37 64 
24 25 54 
8 -42 46 
-28 -50 56 
-25 27 46 
4 14 67 
-22 -35 39 
8 10 33 
-14 -36 59 
3 36 47 
-10 51 -68 
38 -41 58 
7 33 45 
1 -30 -69 
6 16 70 
-5 -26 -59 
27 -48 -59 
-9 35 70 
17 29 -36 
30 -55 -68 
48 57 59 
37 40 57 
-6 24 45 
-8 -29 -47 
11 -14 -20 
-19 34 49 
25 34 -70 
