-4 -33 -42 
-14 -29 -33 
-10 15 33 
-10 -20 45 
-5 37 50 
19 22 -44 
-20 37 -39 
15 -38 42 
-11 -40 -45 
-18 -28 -38 
12 45 46 
13 16 -18 
18 31 -38 
7 -31 35 
-18 20 23 
37 43 -48 
-32 33 -48 
-9 -32 -38 
6 -26 -38 
1 -18 -24 
-9 18 49 
-16 -22 -39 
-27 -39 45 
-2 -35 -43 
-33 -39 42 
20 -22 -42 
4 -10 40 
-7 15 -46 
-7 -34 -38 
-30 -40 49 
18 -38 47 
-16 22 -39 
5 39 -40 
16 40 46 
-23 -38 50 
24 29 34 
-27 41 48 
24 25 31 
19 39 42 
6 -12 13 
19 -31 48 
-37 38 -43 
23 27 36 
-11 47 -48 
-1 16 18 
6 11 22 
22 25 50 
-6 24 -42 
14 -23 -26 
-5 18 48 
-35 38 47 
-2 30 -40 
23 -38 39 
28 -35 -39 
-11 36 -39 
-12 15 -41 
-16 17 27 
9 -39 43 
15 20 -40 
-1 -7 12 
-7 20 21 
8 -36 -48 
-6 32 47 
-13 31 -37 
-6 -33 -43 
-10 11 -23 
39 40 43 
-7 20 32 
-18 20 -29 
-3 -5 30 
7 25 33 
39 43 49 
-22 -30 36 
9 25 40 
15 -17 -19 
1 30 -35 
-14 25 38 
-17 33 -36 
3 23 -50 
-13 19 -32 
-9 -28 -30 
-14 -29 46 
-24 37 -43 
-13 -40 41 
17 33 -46 
9 -27 33 
24 -34 -43 
-14 23 31 
-5 41 46 
10 -12 -26 
-27 28 -47 
-2 -3 -25 
-11 -21 27 
-37 38 47 
26 -35 -44 
-16 17 -49 
-7 28 -32 
-15 -20 28 
-14 -19 40 
-4 -25 -38 
-7 19 33 
-5 -9 37 
-20 27 -33 
-14 -18 -47 
13 -38 -46 
-20 40 45 
-34 35 41 
11 -24 32 
11 32 -44 
-17 -27 37 
-36 -39 -49 
-5 39 47 
-9 -31 -43 
-6 -39 47 
-16 23 -48 
-5 13 -49 
3 10 24 
41 47 48 
19 38 44 
-23 31 -47 
12 -20 -43 
24 39 -44 
2 -34 47 
10 32 49 
-2 -40 -45 
2 41 -43 
15 -29 50 
10 -20 47 
13 -32 -37 
-24 -30 42 
-23 -30 37 
-2 -21 48 
8 19 28 
-18 44 47 
3 14 27 
-1 -19 -26 
12 -34 47 
5 -35 41 
19 -33 -48 
-4 -20 -41 
-9 -13 -19 
10 -43 48 
-13 -34 45 
20 -38 44 
21 28 -44 
-25 -27 -31 
24 32 44 
10 39 45 
-5 27 -39 
6 -24 -49 
-3 -22 -31 
-3 15 24 
2 7 -49 
30 31 50 
4 37 -45 
23 38 -43 
1 42 -49 
4 8 -40 
34 -36 -48 
1 4 -20 
-20 -22 -32 
-2 -16 48 
5 -12 -31 
43 -46 50 
8 -19 25 
3 -18 32 
-2 44 49 
-10 25 32 
-9 -20 50 
-4 -12 22 
13 35 38 
-12 -14 -19 
-1 20 -50 
5 9 36 
30 -31 42 
1 32 37 
20 -34 -45 
7 19 39 
18 40 -50 
-20 -29 -50 
-14 -27 -41 
38 42 46 
15 43 -44 
-8 36 -43 
9 19 20 
-3 19 35 
14 39 43 
2 -17 49 
27 32 47 
19 -24 36 
-13 28 42 
5 7 18 
-16 23 44 
3 -15 -40 
6 -23 -49 
41 -46 -48 
13 23 -45 
14 -40 -49 
-4 32 -45 
9 12 17 
21 -26 -32 
-21 -24 -27 
-21 23 -46 
-12 -14 32 
7 15 -26 
-20 45 -49 
-18 -20 22 
-17 -19 -23 
-14 -28 -39 
-3 11 -41 
-7 -17 -46 
19 23 -46 
23 -29 38 
-14 28 30 
-8 -14 16 
-5 -12 27 
-20 46 -47 
10 -12 -35 
-7 -41 -42 
3 -5 -33 
21 -26 35 
4 18 26 
6 -15 -26 
2 -8 -13 
31 40 50 
-5 36 40 
11 -36 -50 
-2 22 49 
-17 42 49 
18 -22 23 
-10 -24 -44 
26 -30 37 
-2 -4 -46 
-20 22 -40 
1 -7 -40 
1 -11 -41 
14 43 -49 
6 26 34 
-5 23 -24 
-10 18 26 
-10 32 -42 
15 31 -42 
38 -42 48 
13 28 39 
-36 -38 47 
32 -37 44 
-6 -16 41 
-21 31 37 
10 13 -17 
16 28 -37 
-9 -29 38 
-3 17 -35 
-7 22 34 
-27 -30 -48 
5 24 41 
