18 27 29 
-1 -11 21 
15 -19 43 
16 24 -50 
1 -8 -29 
-12 -19 47 
24 -39 -50 
29 43 -45 
8 -18 35 
-10 -13 -31 
16 40 49 
-4 -12 45 
24 -31 -38 
29 -32 45 
-27 41 44 
1 -26 48 
-21 27 -49 
10 -20 33 
-2 10 41 
-6 -17 -18 
-5 -10 -35 
-12 41 46 
-16 -17 -19 
16 -21 24 
4 28 40 
15 26 30 
-10 23 -32 
-25 -30 32 
-5 -10 34 
8 -18 37 
-24 -31 -46 
8 32 50 
1 -9 10 
-9 -41 -47 
-10 24 37 
-2 -34 35 
1 14 48 
-28 -33 -40 
-9 -25 -30 
-27 28 -47 
25 -27 -31 
4 -42 47 
-1 7 30 
-1 37 -48 
-7 24 35 
1 11 18 
-8 -36 -46 
-9 -10 -23 
9 -28 -48 
13 -25 28 
24 40 42 
26 -37 -46 
-21 -22 41 
-10 27 -42 
23 34 49 
-1 36 50 
9 -37 47 
-13 -44 47 
-5 -23 50 
9 16 33 
-10 -17 29 
-10 -25 -43 
35 37 42 
1 24 -25 
3 -24 34 
-2 -33 38 
-3 14 -30 
34 43 45 
-4 13 -49 
1 24 -30 
3 -23 -30 
-4 -12 50 
-7 10 -23 
-3 -28 -47 
-5 -6 43 
-16 37 -42 
-11 -18 -22 
-15 -26 -43 
2 -36 49 
-8 -11 14 
21 32 -37 
12 -22 49 
-28 35 47 
7 10 -33 
-20 33 45 
-2 4 11 
-22 27 -46 
-3 7 15 
29 -33 38 
4 -11 18 
-2 22 23 
-14 22 40 
3 26 43 
-16 25 26 
-5 -20 -25 
-8 -22 43 
-3 -6 35 
-8 34 37 
17 19 -46 
-4 -31 50 
9 -17 47 
-20 46 48 
1 19 48 
24 39 -50 
30 -36 50 
4 -12 39 
-33 48 49 
28 31 46 
6 32 50 
9 40 -41 
-17 27 -44 
4 -28 46 
20 -45 -46 
-12 -18 23 
12 -19 40 
3 -34 -36 
-7 -22 -36 
-10 20 45 
17 29 -50 
11 -31 -38 
18 -22 -33 
3 33 -35 
-17 -22 -36 
-12 13 -19 
1 -25 -37 
-19 -20 -47 
-19 34 -38 
-3 13 -34 
-1 33 -36 
-21 -36 -42 
-17 37 -43 
26 -35 -45 
18 -28 42 
-12 19 47 
-18 19 -20 
17 27 -39 
1 14 -27 
-1 -44 -45 
10 -20 -39 
-1 -24 -35 
31 34 -47 
-6 13 44 
4 7 -21 
-25 -29 34 
-45 46 50 
20 -24 -36 
8 15 -19 
23 -29 -37 
-8 -16 -20 
-10 -36 48 
1 -9 48 
-2 -6 22 
26 -36 46 
-18 -26 -48 
-28 31 40 
4 7 35 
-2 -19 31 
11 14 22 
-17 -18 -43 
-6 8 -19 
30 44 46 
-11 20 39 
13 19 -35 
-10 -23 31 
-14 29 -42 
