-2 -14 -18 
-23 -26 -34 
2 48 -69 
2 -3 -42 
4 52 -53 
-5 -19 -38 
-15 -52 -55 
-17 -28 -51 
-16 -41 -54 
-7 -17 52 
-1 24 -38 
-46 -50 -59 
53 64 -67 
11 -35 -38 
12 46 50 
-1 36 -48 
-17 -48 -66 
2 -24 -26 
39 45 -56 
-26 -44 54 
-9 30 -67 
7 9 67 
-19 65 70 
1 41 -60 
-25 63 -64 
-15 -47 -51 
-20 42 45 
13 22 46 
-13 -14 -50 
21 26 37 
4 -58 65 
-36 -40 -47 
9 29 35 
-41 57 63 
-27 28 46 
12 -17 24 
10 -11 34 
-51 62 63 
-40 -53 62 
27 -40 41 
-34 40 60 
13 -18 25 
23 -37 68 
42 -52 67 
2 4 -61 
37 -50 56 
-5 7 45 
-11 -17 20 
20 -62 65 
-1 -40 45 
-4 10 -33 
28 33 51 
-19 -31 55 
-8 20 -44 
-25 -44 68 
-1 15 -23 
12 61 62 
-10 28 61 
1 5 65 
-8 -33 60 
14 44 52 
8 -35 -70 
8 27 52 
-11 -53 64 
22 33 -44 
2 -17 56 
30 36 45 
13 64 -70 
1 -25 58 
31 34 59 
-31 65 67 
-8 -14 43 
26 42 70 
12 21 -23 
-9 -11 -20 
-7 -23 57 
-22 -37 -58 
25 -38 39 
7 -60 -70 
-4 -5 -68 
25 -28 -42 
-2 24 -43 
-42 -43 -49 
-9 12 47 
-42 -59 62 
-6 -39 -62 
24 -50 -59 
-11 -25 66 
35 -49 -70 
-14 45 -57 
16 36 -61 
21 39 -51 
-17 -20 51 
13 28 68 
-26 45 69 
-14 -21 -36 
-7 -20 67 
34 58 -66 
-24 27 68 
1 -7 -36 
2 28 -68 
-1 -37 66 
18 -39 63 
-36 53 60 
-3 -64 -68 
-1 -28 -64 
-50 -57 -61 
-3 37 -69 
39 -52 -69 
-25 -51 69 
5 12 49 
25 -36 66 
-31 52 57 
3 -17 20 
-28 49 -57 
32 41 69 
-9 32 -44 
-14 31 -49 
43 -55 -67 
3 29 47 
-6 41 -70 
-24 -56 -58 
7 -16 -37 
-2 3 55 
23 -58 64 
15 -43 61 
3 44 69 
-36 -58 65 
-2 -37 68 
-2 -30 -36 
19 20 -48 
8 -32 69 
-13 16 35 
-39 65 66 
-49 51 -59 
10 -50 -66 
-15 -17 -66 
-4 -55 -60 
34 -60 66 
-9 24 52 
-60 -63 66 
12 -29 -68 
-17 -30 -67 
-36 40 -70 
-29 43 65 
51 54 -66 
56 59 60 
2 33 -67 
-3 -19 -70 
19 48 -62 
-21 22 -49 
-4 12 -21 
17 -30 70 
-23 36 -50 
-3 28 36 
29 48 50 
-1 23 -41 
-8 -15 -38 
-1 -23 37 
-1 25 -69 
1 -40 -65 
-12 47 61 
-3 19 48 
-21 -43 48 
1 4 26 
-8 -32 -49 
-49 -53 61 
-41 -46 -66 
5 18 51 
-32 40 62 
15 34 39 
26 40 51 
-24 49 -57 
37 -41 -55 
-9 21 58 
2 -6 55 
-25 -31 -61 
-33 37 49 
45 -56 58 
28 47 62 
28 44 -53 
48 57 69 
-2 -63 67 
21 -37 53 
-7 25 -35 
7 -34 -52 
-14 60 69 
-5 -7 -32 
-39 -42 44 
-35 42 47 
-1 -33 44 
-27 33 -47 
-32 -43 -53 
49 51 -65 
21 46 53 
-25 30 -42 
