22 -34 43 
-1 35 49 
-7 -21 -35 
26 -37 -41 
25 34 50 
14 23 42 
7 -24 48 
6 33 -48 
-8 -29 -37 
5 -20 -44 
-18 24 -31 
19 37 -48 
-8 -24 30 
-17 22 29 
-5 -23 -46 
-4 35 -37 
-30 -36 42 
-10 11 29 
-15 -25 -38 
10 -20 33 
13 18 31 
-9 10 -37 
3 -10 -29 
-9 -29 -48 
-14 19 -20 
21 33 35 
-1 20 -34 
15 -24 29 
19 -26 -48 
-32 -36 48 
-3 -14 43 
12 24 33 
2 31 40 
-3 11 41 
-5 18 -39 
20 24 -43 
-3 29 -36 
19 49 50 
1 33 -40 
-2 4 -10 
-13 -30 34 
4 -9 43 
-36 -42 -50 
-8 -23 -30 
-33 36 43 
41 -43 -46 
7 -16 44 
19 20 -40 
10 30 -41 
-4 -13 -39 
-10 -17 -26 
8 30 -45 
38 40 -49 
25 -45 50 
8 -9 33 
13 15 -36 
2 13 -14 
-26 -32 -49 
8 12 16 
-37 38 41 
6 -20 -45 
7 26 -45 
-13 -38 49 
-23 34 39 
-25 26 -36 
16 26 46 
-5 11 -14 
39 -44 -48 
-8 -25 34 
-7 -14 -46 
26 -34 42 
-6 8 15 
-7 -9 50 
2 24 -37 
-14 34 -43 
20 28 -40 
-13 14 -28 
18 34 44 
2 28 40 
-2 -3 -35 
22 26 -38 
-14 23 -24 
-2 11 -41 
-8 33 -35 
-16 -31 -46 
11 -33 42 
8 28 44 
16 -30 45 
11 30 35 
37 39 -50 
-31 44 -48 
-1 -24 38 
23 -25 27 
23 35 -46 
-16 -29 32 
-2 -20 45 
-31 35 40 
-1 10 43 
11 14 26 
-5 -13 23 
-16 43 -44 
23 -28 -47 
2 22 42 
-14 15 50 
-16 -18 28 
9 33 -37 
2 -30 40 
14 19 45 
2 32 -43 
15 -29 48 
4 12 22 
13 -17 -24 
-11 26 -41 
-14 39 -48 
-21 25 37 
-24 -34 47 
-12 -20 -24 
5 11 -49 
-11 -28 47 
-5 -21 -29 
-2 19 38 
-34 38 -40 
14 -28 -48 
-7 -9 27 
-4 -14 33 
-23 46 -49 
-8 -17 24 
-17 42 -50 
-1 11 35 
11 -14 15 
-21 -26 36 
-7 23 -29 
12 16 -42 
-1 -19 24 
1 7 -41 
17 29 -43 
-23 -30 45 
26 39 48 
6 -26 -40 
7 41 -45 
16 21 36 
15 43 44 
13 -40 -43 
24 -29 -32 
-21 39 -43 
10 -40 49 
-2 -19 27 
22 33 34 
5 13 28 
11 -13 25 
-5 -10 39 
10 -43 -44 
13 23 -31 
17 -25 43 
-1 -2 47 
-2 -13 16 
-3 -21 23 
7 14 -19 
-16 -35 36 
12 19 -43 
-3 -18 -46 
-4 39 -50 
-21 32 46 
-35 36 50 
-28 -32 -48 
-7 -9 -20 
-3 -24 45 
-3 17 -49 
3 26 29 
33 -35 -46 
-18 -36 -50 
21 23 37 
-11 -39 -50 
-13 21 30 
26 33 -39 
16 31 -50 
-18 35 48 
13 -23 -24 
11 13 -33 
12 -14 -32 
14 -26 -48 
34 43 -45 
31 -42 45 
1 17 -26 
14 37 41 
10 29 30 
-4 -24 39 
-20 27 -43 
-3 10 18 
-5 -7 -36 
3 20 49 
-5 27 36 
23 -26 -50 
19 39 43 
9 26 -36 
-20 28 -45 
-2 -22 -50 
6 13 32 
20 33 -42 
19 -21 23 
-15 22 27 
-2 4 -42 
-11 -37 41 
12 -30 45 
-1 33 -35 
-19 38 41 
-19 30 -40 
-22 -26 27 
-7 -15 -37 
-14 -44 -50 
-4 -10 40 
-13 24 28 
-9 28 45 
1 -15 31 
-12 45 -48 
27 44 46 
20 29 -44 
-5 -7 46 
19 -29 -36 
11 17 -23 
-11 19 30 
-21 45 -46 
16 18 39 
2 18 34 
9 -46 -47 
-1 3 44 
10 11 -38 
-26 27 38 
6 -34 -37 
2 -27 42 
4 32 50 
-4 11 47 
2 6 -33 
8 46 -48 
1 -12 37 
-27 -39 -40 
28 31 43 
9 -22 47 
28 -47 -48 
-19 -24 49 
-8 -11 39 
-25 -31 -33 
-12 40 -44 
4 14 -41 
12 18 42 
11 29 -42 
26 -27 -50 
8 20 -46 
2 -11 35 
5 15 25 
-7 -13 15 
3 19 50 
-6 -44 47 
-37 -40 44 
-1 -19 -28 
1 -18 27 
-2 6 20 
-12 -36 -50 
-13 14 -23 
-9 37 -49 
23 25 -32 
-11 -36 41 
11 -23 24 
-7 26 37 
-30 -40 -49 
