10 -20 21 
1 13 24 
-14 -17 -28 
-13 14 -22 
-1 18 22 
-7 22 30 
8 -20 -23 
15 17 20 
3 -22 -27 
-12 -22 23 
4 -12 -29 
6 -7 -16 
1 14 -29 
-8 27 -29 
22 25 -30 
-3 -22 -24 
-17 -25 -30 
2 11 -25 
-18 20 28 
-11 24 28 
-11 -13 -25 
4 -5 7 
2 9 30 
3 -8 9 
-8 15 28 
-10 -18 25 
-3 -13 -29 
-10 23 -26 
-4 21 28 
6 -18 23 
-4 7 12 
19 20 -23 
13 18 23 
-5 15 -18 
-1 8 23 
-3 -7 20 
-14 23 26 
11 17 18 
2 -21 -24 
-13 16 -25 
-4 19 25 
-22 24 -28 
20 -23 26 
-11 17 -26 
-1 6 -14 
5 12 20 
4 11 19 
6 -9 14 
1 9 27 
-11 24 -25 
11 -16 -19 
15 -21 28 
-2 16 21 
-3 -25 -26 
3 -16 -18 
9 -16 -21 
6 15 -18 
12 18 -24 
-13 16 27 
-10 28 -30 
9 22 -26 
-8 15 19 
15 19 -26 
8 13 27 
4 -8 -14 
12 -18 30 
6 -13 -19 
5 -8 20 
-13 -20 26 
17 -25 -30 
-1 17 -29 
23 25 -28 
