4 -17 -26 
5 13 17 
2 14 30 
-6 9 -14 
-21 24 30 
-16 -21 -22 
-4 19 21 
2 9 18 
1 -16 -26 
-16 17 22 
6 -15 27 
-10 12 29 
10 21 26 
-23 25 -29 
3 -5 -30 
8 -15 -18 
-18 -21 -28 
5 -17 29 
-11 12 27 
-13 -18 -28 
3 7 -21 
-4 19 23 
12 15 -22 
2 15 -26 
-7 15 -24 
-10 -22 27 
-15 -22 23 
-13 15 27 
-5 25 28 
-6 -17 19 
-7 -10 -21 
-18 24 29 
-9 21 29 
-14 -19 26 
-6 -22 -28 
-2 -3 -18 
-2 -10 -13 
-6 27 30 
-5 -18 -27 
18 -20 24 
-5 -26 -29 
-1 -14 -26 
-5 22 -24 
7 -20 21 
13 14 26 
5 7 26 
-8 -15 -17 
1 2 10 
16 21 -23 
16 17 -29 
6 26 29 
12 17 -30 
3 6 -13 
1 -9 22 
-13 21 -28 
-9 15 -18 
14 -15 -24 
13 -18 -27 
7 17 25 
3 -15 21 
-14 26 29 
6 22 -30 
-6 -9 20 
8 17 29 
1 2 -20 
8 12 -19 
3 -4 19 
1 2 -22 
-2 5 18 
17 -21 -26 
4 13 17 
2 8 -27 
-2 -6 23 
12 20 -26 
-12 13 27 
-3 19 -28 
5 17 -27 
10 -20 26 
