30 33 64 
-54 -55 -61 
6 10 49 
-26 -33 37 
-5 39 40 
-5 -19 57 
-23 24 -58 
-2 55 66 
-22 -29 -56 
-2 -26 63 
-8 -25 -44 
13 32 -35 
-7 8 -28 
10 -45 -58 
-11 55 -57 
-41 42 56 
43 -69 -70 
-24 -38 49 
-7 41 65 
3 45 55 
-4 -5 -40 
-15 46 -63 
4 20 -70 
3 12 -52 
-38 -55 59 
29 40 70 
60 62 -64 
2 39 -50 
35 -52 -57 
-32 59 60 
13 21 62 
-14 25 -39 
19 -24 42 
2 39 -54 
17 22 -64 
-2 5 35 
13 32 -43 
-27 61 68 
15 30 -50 
12 59 -67 
-13 -19 65 
7 20 22 
15 -22 69 
-31 37 42 
33 37 63 
-36 40 47 
-17 -45 56 
46 -50 57 
-7 24 45 
1 -29 38 
28 -61 67 
-11 -25 -66 
40 44 -62 
19 27 39 
28 -30 63 
-3 29 -33 
5 -37 44 
16 -51 55 
20 -54 64 
-33 -51 -56 
32 -53 -61 
5 -14 -19 
-15 45 -70 
-4 -9 -38 
-8 -41 54 
4 9 -43 
10 -31 55 
13 -25 -42 
-11 36 62 
-12 15 59 
-28 42 59 
6 59 64 
-10 34 -59 
-15 -24 56 
-2 19 -30 
-16 19 57 
7 16 -64 
30 45 54 
19 27 -61 
25 -39 63 
17 56 58 
-1 24 28 
-37 -38 -46 
23 -51 54 
15 -40 50 
-2 -3 -24 
-9 47 -66 
39 -46 66 
-32 37 56 
3 -57 -58 
-49 54 70 
-25 -48 53 
-7 -17 -44 
-28 32 -53 
-21 -26 -63 
43 58 -62 
6 10 -66 
-13 62 -65 
-27 36 -40 
-14 48 -66 
24 30 56 
5 30 55 
-2 -16 50 
15 -24 26 
19 -50 64 
5 15 -55 
29 31 66 
-19 -37 -48 
20 47 48 
-28 -33 -67 
-5 22 -68 
-16 -47 -49 
24 -31 -57 
-4 19 35 
-43 60 -61 
29 51 -64 
36 -43 -68 
27 -33 -34 
1 19 46 
-36 -67 -70 
19 -39 68 
-25 -28 -31 
-51 -56 -64 
1 -10 -49 
11 -58 68 
-27 29 51 
-19 29 -45 
26 29 60 
-7 56 -64 
-28 -50 -53 
14 -26 -61 
-1 34 69 
-7 -32 65 
41 -52 -53 
4 35 -40 
27 48 60 
4 -46 -65 
35 -36 60 
20 -34 -69 
-19 -35 51 
2 -52 61 
37 43 -47 
36 -55 -67 
22 41 -50 
8 -53 -69 
-38 63 -70 
-28 37 -70 
-2 50 -52 
5 -31 66 
-1 16 -41 
-11 51 -60 
-5 50 -60 
-18 -30 66 
43 50 -55 
4 -50 -70 
22 43 -44 
15 29 -50 
-5 -8 -25 
-8 -30 31 
-3 8 -70 
6 -8 62 
26 51 59 
-28 -37 -64 
-11 -38 -68 
20 -29 -52 
10 22 34 
16 30 68 
4 -14 44 
3 6 -27 
44 49 -69 
-29 -36 68 
23 34 -68 
5 -16 -42 
4 25 35 
-9 16 -45 
1 45 67 
-6 -42 59 
10 14 45 
28 34 -70 
10 -43 62 
-3 24 70 
-17 30 55 
28 -58 66 
-5 18 42 
35 48 -60 
-49 -50 -64 
-23 -56 -68 
-16 32 -51 
-36 -42 -43 
-2 20 -60 
-20 -24 46 
9 -40 -61 
12 -16 -33 
4 -60 -63 
-25 37 -68 
-6 47 -69 
