-6 -7 65 
-22 47 59 
-3 31 49 
26 -31 70 
21 -45 -69 
-7 -23 67 
10 14 -48 
-1 -17 -64 
-14 -16 26 
-34 43 70 
15 -39 64 
20 33 45 
2 4 -29 
11 -53 69 
-9 66 67 
15 19 -44 
-10 -26 -28 
9 -21 -57 
6 7 -60 
25 30 65 
31 64 -65 
3 -45 65 
1 -26 48 
33 38 -45 
-23 -26 -35 
18 -22 -56 
14 -31 -47 
23 -42 64 
13 -35 -64 
9 -26 -37 
13 58 -59 
-5 -13 -38 
-5 -13 57 
-7 -17 -45 
34 44 55 
15 21 -68 
-14 20 -35 
26 29 55 
13 -36 41 
-49 62 70 
21 -32 -58 
-2 -10 53 
8 15 34 
23 -32 -41 
-31 -52 68 
9 28 -45 
-43 59 66 
7 16 -48 
46 -48 -49 
-12 -27 -64 
2 -53 65 
12 16 -39 
-11 -24 -32 
17 43 50 
2 39 49 
-5 46 -63 
-3 42 59 
43 55 -57 
-31 -36 46 
21 40 -42 
-18 62 -68 
8 -9 -27 
1 14 66 
3 -32 -67 
4 -9 -47 
1 40 -56 
-45 -54 56 
22 24 -64 
36 -39 -49 
55 58 59 
-15 -22 30 
2 -55 -67 
1 10 51 
-20 -42 -64 
-7 -34 -45 
8 28 70 
7 -11 18 
-12 61 -69 
44 51 60 
19 -23 -37 
19 30 42 
11 -13 -17 
14 -32 61 
32 49 -54 
-13 -35 -54 
-28 37 63 
11 -51 -61 
4 8 -49 
1 19 49 
22 29 49 
11 58 -66 
-23 -29 -65 
9 46 53 
9 12 27 
-22 58 59 
-30 -48 54 
16 34 -35 
13 -20 46 
-49 -57 -60 
10 -15 -19 
5 -18 -58 
-3 60 61 
-17 51 65 
12 22 -67 
27 42 58 
-21 -41 -43 
5 39 -41 
24 41 -63 
5 -11 70 
31 58 -70 
8 38 59 
-26 -40 -48 
-57 -63 65 
11 16 29 
5 -44 -45 
13 -15 23 
-4 -19 -39 
-14 20 62 
-22 -63 -64 
9 30 33 
12 -34 53 
-2 -28 -30 
16 30 40 
15 52 55 
23 34 -67 
1 -24 26 
27 42 -54 
-9 -15 50 
-14 -24 -30 
-2 39 -66 
23 -41 -46 
10 -14 21 
-67 68 70 
6 10 58 
-2 -47 -51 
45 48 55 
37 51 -70 
8 17 -55 
14 -17 24 
2 -34 -58 
-7 -15 -24 
1 -10 -24 
-38 -51 -54 
12 19 67 
-8 50 -61 
32 37 -56 
26 -31 47 
-12 44 46 
-16 -49 55 
-32 -46 -64 
-9 -27 55 
-24 34 -41 
-5 -6 57 
-14 15 -43 
-3 9 -50 
-17 50 -62 
-50 -52 56 
6 37 -60 
-23 -48 -57 
1 -47 59 
-8 -37 65 
4 5 7 
-22 37 39 
36 -49 -57 
14 22 61 
31 52 -56 
-50 62 -69 
-21 55 -63 
13 -30 61 
12 63 67 
7 -14 -32 
-11 30 56 
-12 -15 62 
8 29 -52 
20 -46 52 
