19 -42 -50 
8 27 38 
-14 23 32 
-13 -18 40 
-16 -21 -38 
15 35 41 
3 -39 -46 
5 24 -39 
39 -48 49 
-18 -23 32 
-15 45 50 
17 21 45 
4 12 27 
25 33 -36 
-3 -7 18 
-3 26 30 
-27 -38 -48 
-13 -14 -18 
18 19 -34 
28 -31 -35 
7 21 -31 
-26 34 45 
16 22 -32 
9 42 -44 
-1 -11 35 
19 26 27 
-2 33 48 
-20 29 -35 
4 -5 45 
-24 -26 -46 
-8 -14 30 
-5 29 -32 
4 -11 -22 
-25 33 -49 
-24 36 44 
15 23 45 
-25 29 50 
2 -16 -19 
-28 -37 39 
-3 13 30 
-18 -34 43 
-3 18 40 
-4 18 -29 
14 -17 19 
17 21 -41 
-27 -31 40 
-7 10 -50 
-13 -20 35 
-2 16 -24 
6 -20 -25 
-33 34 -45 
25 35 -48 
5 -22 28 
-7 32 43 
-5 -8 34 
-11 20 -45 
22 -36 44 
-22 43 -45 
-3 -20 34 
1 -29 -41 
-1 -19 43 
-27 41 43 
-12 -15 -20 
-5 17 31 
-2 32 48 
24 -29 47 
2 19 -29 
-11 34 -49 
-34 -42 48 
27 30 45 
-5 11 26 
-2 -16 -34 
-7 -15 -40 
37 -38 44 
-15 16 45 
-15 34 41 
25 -43 -47 
23 -24 49 
25 35 -43 
7 -26 -36 
15 32 39 
2 16 19 
13 -20 36 
-8 -28 -50 
-4 -19 -37 
-5 -33 -46 
-13 -27 33 
-29 -34 41 
17 49 -50 
-1 34 -48 
-1 19 -49 
15 -28 -44 
10 33 -45 
6 17 -37 
3 -5 -17 
6 -28 35 
28 -32 -37 
7 -21 44 
5 37 -38 
-2 -21 24 
-6 34 -50 
-11 16 -18 
13 15 -18 
-20 21 -50 
-3 8 -29 
-9 -32 -45 
-9 16 -26 
-1 -15 -47 
14 23 27 
42 44 -49 
5 -30 -40 
10 21 22 
-19 -41 -44 
-24 32 -48 
-19 33 -43 
