13 41 45 
1 -5 27 
-28 -29 39 
-13 18 -36 
-9 -33 36 
-12 -21 24 
30 34 39 
-15 26 -40 
3 11 14 
-7 24 -39 
-4 29 -37 
12 -15 36 
-13 -32 49 
23 -25 -44 
13 -27 46 
-14 25 -27 
-24 -40 -41 
-15 -35 40 
-11 32 -40 
-3 -29 -46 
25 -35 -39 
-14 -20 34 
-2 -8 34 
4 9 49 
9 36 -38 
-11 -21 -32 
13 21 41 
-20 26 -36 
-7 36 47 
21 24 41 
-19 23 29 
9 -18 41 
-11 25 -33 
-9 14 34 
-1 -39 -48 
-10 36 46 
13 -26 36 
-2 -28 49 
25 -26 -50 
-31 -33 -36 
-20 -35 37 
-12 21 -36 
14 -26 45 
-20 26 -40 
2 -47 -49 
-11 18 49 
9 -22 25 
-20 38 -42 
30 -36 50 
16 23 -34 
-7 -18 44 
2 20 31 
-20 -30 -42 
14 -18 -50 
1 22 26 
-10 -33 40 
-14 -21 -24 
7 -12 -41 
4 -17 26 
34 -41 -47 
-2 8 -50 
34 -35 -37 
13 30 32 
-16 -41 45 
6 -23 29 
9 39 -41 
-1 -17 35 
-2 -33 -46 
5 39 -48 
2 -18 -46 
-14 25 36 
-1 -15 30 
-31 36 -49 
1 -7 39 
-17 -39 48 
19 28 38 
16 22 48 
-14 -16 -42 
7 -39 40 
8 15 35 
13 -16 -17 
-9 18 -36 
-3 -10 13 
-3 -40 46 
-26 -28 -29 
-2 -12 40 
41 42 44 
-41 -42 -46 
-1 4 -35 
-16 -22 32 
2 25 50 
-33 -45 47 
9 15 -18 
-7 21 25 
-22 -26 -48 
-2 -15 19 
3 11 -40 
-19 -21 29 
-9 -29 44 
-18 23 29 
-3 -10 -38 
-20 -27 -29 
-28 40 -49 
8 19 -44 
7 -15 -45 
-4 -16 28 
1 17 36 
12 -42 44 
-33 46 -50 
-6 20 48 
6 16 -46 
-10 -33 44 
-40 -49 -50 
12 24 -40 
-8 -15 26 
-30 34 -38 
10 28 42 
7 -23 47 
-1 7 8 
18 34 -41 
19 -38 -44 
-17 -21 45 
25 40 -41 
-11 -18 21 
13 39 41 
2 26 38 
-35 -39 -49 
-5 25 -34 
6 -31 49 
29 -47 49 
-7 22 -43 
-19 33 40 
-11 14 17 
-2 -9 -50 
-20 35 42 
21 30 40 
19 -20 -31 
-16 -18 -42 
-2 31 47 
11 -30 -38 
9 -15 37 
14 -15 37 
-26 -42 47 
-10 37 -40 
-30 35 -44 
-15 25 -27 
5 -20 24 
9 14 -18 
-33 -37 39 
15 27 -37 
20 -40 -48 
-36 -37 -50 
30 -35 49 
15 -18 -49 
20 46 -47 
18 26 50 
15 28 38 
-15 -20 -47 
1 10 -39 
-3 16 49 
11 -31 47 
-1 -14 -34 
5 -9 14 
7 -17 -23 
-4 28 42 
-30 35 -40 
16 26 45 
10 -32 35 
-27 -28 -39 
2 -3 45 
2 12 -16 
3 -28 43 
5 -6 48 
-8 -13 41 
-13 -35 -49 
2 -30 -39 
28 -33 -37 
8 14 36 
16 24 34 
-3 -21 -40 
-8 19 -48 
3 7 20 
7 -14 39 
3 19 32 
-1 -10 -12 
13 -15 -48 
2 7 10 
-2 10 13 
-25 -40 -47 
-4 18 43 
-7 13 15 
-2 23 43 
-1 32 -49 
5 18 -45 
2 -6 50 
-36 37 -44 
12 33 -48 
11 -31 45 
-19 32 36 
-24 32 42 
-4 6 -15 
24 -26 -29 
-7 21 35 
30 43 48 
-5 -15 40 
-1 -12 16 
19 36 -40 
17 32 -41 
-23 -35 -36 
-6 -34 40 
-2 42 -48 
5 22 -39 
-39 45 50 
2 -24 -30 
14 -31 39 
15 -23 48 
-8 34 47 
-27 -30 -46 
-3 -6 -47 
6 17 -33 
1 -5 -29 
18 -20 -34 
-6 18 -38 
2 -20 -46 
8 -41 -47 
-21 -42 -47 
7 19 27 
-11 -15 36 
7 18 -35 
38 42 -45 
2 8 -22 
-21 -45 50 
-19 20 -35 
-8 -35 42 
-2 -3 8 
3 -19 41 
18 25 36 
3 43 48 
-1 8 44 
-8 33 47 
14 31 50 
16 -21 32 
-4 31 44 
-3 -24 -37 
-39 -45 -50 
23 -31 35 
-18 35 37 
-1 -12 -40 
-22 38 -43 
-1 -35 46 
1 30 32 
16 32 -46 
-6 37 42 
-28 43 50 
13 20 32 
-23 25 -37 
14 -44 -46 
-22 -36 -38 
14 26 -48 
11 -31 42 
15 -41 44 
4 -8 24 
19 29 -32 
16 41 49 
-3 10 -37 
1 -33 34 
9 30 45 
-8 17 48 
3 -15 -30 
6 14 -22 
-22 -32 33 
27 41 44 
-1 28 -35 
4 -16 38 
2 35 44 
2 18 31 
-7 14 47 
13 17 -37 
-11 40 44 
8 24 -27 
5 20 -42 
33 35 -43 
15 41 50 
-36 -46 -49 
-9 -20 -25 
20 24 34 
18 -37 -38 
1 12 36 
-16 -22 -30 
-10 -39 -50 
-17 37 43 
1 6 -27 
18 19 42 
3 27 49 
-8 -13 33 
8 24 -37 
-7 11 -48 
-1 -29 -32 
1 -28 47 
-6 -20 -21 
17 -22 -41 
-19 28 -50 
3 25 47 
-7 20 28 
2 -7 41 
17 -23 45 
-7 -27 -32 
7 23 30 
-28 31 43 
7 16 33 
