41 -46 -48 
13 23 -45 
14 -40 -49 
-4 32 -45 
9 12 17 
21 -26 -32 
-21 -24 -27 
-21 23 -46 
-12 -14 32 
7 15 -26 
-20 45 -49 
-18 -20 22 
-17 -19 -23 
-14 -28 -39 
-3 11 -41 
-7 -17 -46 
19 23 -46 
23 -29 38 
-14 28 30 
-8 -14 16 
-5 -12 27 
-20 46 -47 
10 -12 -35 
-7 -41 -42 
3 -5 -33 
21 -26 35 
4 18 26 
6 -15 -26 
2 -8 -13 
31 40 50 
-5 36 40 
11 -36 -50 
-2 22 49 
-17 42 49 
18 -22 23 
-10 -24 -44 
26 -30 37 
-2 -4 -46 
-20 22 -40 
1 -7 -40 
1 -11 -41 
14 43 -49 
6 26 34 
-5 23 -24 
-10 18 26 
-10 32 -42 
15 31 -42 
38 -42 48 
13 28 39 
-36 -38 47 
32 -37 44 
-6 -16 41 
-21 31 37 
10 13 -17 
16 28 -37 
-9 -29 38 
-3 17 -35 
-7 22 34 
-27 -30 -48 
5 24 41 
-4 23 43 
-45 49 -50 
21 25 -32 
11 -32 42 
-5 30 -31 
-11 -23 25 
2 -21 -27 
-6 18 -40 
12 16 20 
-15 -18 -48 
-21 -34 44 
-5 -7 31 
8 11 18 
5 -30 44 
-21 -40 45 
18 -23 30 
1 22 -38 
13 27 -39 
18 -24 42 
-26 -27 -40 
-10 31 50 
-6 -28 -39 
-15 -25 -39 
-29 37 -43 
-6 16 29 
18 -27 -48 
-32 -38 44 
11 -30 39 
19 -23 -38 
17 30 43 
-20 -26 -29 
10 14 -46 
12 -32 -45 
-5 24 34 
-16 30 -48 
-3 -19 -43 
3 -14 39 
-19 33 -34 
8 -45 46 
36 -38 46 
2 -7 -38 
1 18 23 
-26 28 -45 
-1 -7 -15 
20 -35 47 
-10 -13 -30 
5 27 -46 
36 -37 48 
-14 26 -45 
31 44 49 
-36 -47 -50 
11 -29 49 
-4 -21 -23 
10 -24 49 
-28 38 -46 
18 -30 -37 
-38 -48 50 
23 -44 -47 
-6 -10 14 
-1 15 -35 
-27 35 43 
14 -36 -40 
11 17 29 
-20 -24 26 
-4 31 36 
12 -35 46 
7 -36 40 
31 40 -42 
-12 19 -44 
12 -23 31 
-2 -5 -43 
1 9 -25 
-14 -17 -32 
-25 -30 41 
-28 -37 42 
7 -12 -40 
-8 -21 -38 
6 9 33 
-8 -19 30 
-1 -34 -35 
5 -23 33 
14 -30 47 
8 -29 47 
10 32 -37 
-21 44 48 
-4 28 -39 
-34 -37 38 
17 -24 47 
2 -22 -42 
-6 10 -30 
21 22 -44 
-3 -15 20 
4 -10 19 
-37 -44 49 
-6 10 -37 
-7 -9 41 
-10 24 50 
33 46 -47 
-1 -2 46 
-2 42 44 
-10 23 -24 
-6 -16 -36 
-12 -14 23 
14 -24 28 
6 -22 31 
23 -32 44 
-5 8 -16 
-9 15 48 
-3 -14 -39 
1 -27 -37 
2 37 48 
-2 7 35 
7 -26 34 
-4 -12 29 
-6 12 23 
7 -31 44 
-7 19 -42 
10 -20 -42 
-23 27 47 
20 -26 -41 
5 -30 -34 
-22 -30 -35 
-9 -22 28 
2 8 -48 
-35 41 45 
-18 -26 36 
6 -34 -35 
-28 33 -49 
31 -34 -40 
-8 -29 -50 
13 29 -33 
24 41 -46 
-3 -35 -43 
-24 -31 34 
5 17 45 
-27 30 36 
-1 11 -26 
-11 16 20 
-29 -36 -48 
-6 13 -19 
9 30 -33 
9 13 -29 
18 27 41 
1 -9 -26 
-2 10 27 
38 -40 49 
6 -16 -22 
-14 -25 -26 
-1 -2 39 
-10 -32 -40 
16 47 49 
32 -49 -50 
36 40 41 
-23 -30 -50 
-12 -34 -40 
-5 25 46 
-11 -28 41 
-9 15 19 
-9 -12 40 
7 21 22 
