-43 44 -48 
-11 -23 41 
7 -12 15 
29 -31 42 
-14 33 -49 
-13 18 -42 
39 44 48 
11 -14 -29 
-1 -40 48 
-7 -25 27 
20 25 -48 
7 25 31 
20 28 -35 
-1 30 45 
6 13 -42 
16 -31 -49 
23 -27 48 
14 41 50 
9 35 -42 
-4 31 41 
-9 31 -32 
-4 -29 49 
12 -29 32 
11 -33 44 
-3 -38 40 
-21 28 35 
7 -12 -29 
8 -11 36 
-18 20 44 
7 -8 -50 
-26 -42 46 
11 20 -40 
-15 -32 -35 
8 -27 36 
-5 -6 47 
7 -26 -49 
13 -23 -50 
5 37 40 
-22 -30 -33 
-2 35 44 
-18 -40 47 
5 21 -46 
-16 -44 -45 
11 -16 35 
-2 -8 49 
-3 5 9 
-3 25 -47 
-6 -21 29 
16 38 -46 
-28 -39 -41 
8 9 -17 
-1 -21 -30 
-9 -20 -28 
-13 -17 -41 
2 -21 34 
-5 -6 46 
14 35 37 
-13 30 -45 
-14 -15 43 
24 -27 28 
13 16 41 
27 -37 50 
-15 -19 45 
8 32 -46 
-12 -17 -43 
12 -37 -41 
15 -23 47 
-6 31 47 
-16 45 -50 
-11 -19 39 
-4 -10 20 
-5 -28 -39 
-12 -27 46 
-6 18 40 
-20 -45 46 
5 24 -48 
-21 -28 -49 
5 -16 43 
14 -16 -33 
-22 28 48 
12 -13 45 
-15 -22 29 
35 42 43 
27 30 49 
2 -26 -41 
-36 -41 -47 
1 11 35 
16 -32 -43 
4 -22 -24 
-10 -15 17 
10 35 -41 
-6 30 45 
2 -46 48 
-11 40 48 
20 33 40 
6 -13 -31 
-6 -25 37 
-4 26 -47 
-2 3 22 
35 -40 49 
15 -26 -48 
-14 28 30 
-35 37 41 
7 10 -31 
-2 -29 42 
1 27 49 
3 4 7 
1 -3 17 
-3 -13 -21 
-21 27 41 
-3 -5 -10 
-25 30 48 
-33 -44 46 
28 -45 47 
-22 -32 -40 
8 26 -45 
30 -48 49 
9 -37 41 
15 23 -25 
28 -40 45 
-9 -15 -19 
-11 -38 -50 
5 -11 -40 
-16 33 49 
-19 44 -49 
-9 -10 49 
-13 27 -36 
36 37 41 
-35 -42 -50 
-11 20 28 
-19 -33 -39 
-9 12 13 
-22 27 33 
19 -24 -30 
-3 -9 38 
9 22 33 
-1 27 -34 
4 -10 -14 
-17 -28 -32 
-36 -37 41 
5 -15 38 
7 -29 -35 
10 -15 -48 
-6 23 26 
2 -11 29 
-2 -47 -49 
8 -25 31 
-2 -29 43 
10 18 25 
-5 -15 30 
16 24 -42 
6 19 -41 
11 21 -22 
16 26 -38 
-3 -16 32 
-41 42 -44 
3 -44 -45 
31 32 43 
-14 -19 -22 
34 -37 48 
