-6 7 -42 
6 -8 -28 
-1 21 -48 
-13 -17 38 
-1 -24 -35 
-20 -26 -37 
2 4 21 
1 25 -30 
4 17 27 
-23 -24 -40 
-26 -39 41 
-25 46 47 
-10 34 -49 
40 45 49 
4 -19 28 
-17 38 -44 
-19 28 43 
-3 41 42 
-8 -27 -37 
-11 -15 -43 
31 -39 -43 
-25 -27 45 
11 26 38 
21 33 -38 
6 40 42 
11 -13 -22 
-5 -27 -35 
-17 -20 -31 
32 -34 36 
-19 28 -39 
-2 18 -28 
-22 -29 -45 
25 -33 -38 
8 9 -32 
-25 41 43 
23 26 -30 
12 33 44 
-19 33 48 
9 28 48 
-10 -24 27 
-1 -2 14 
-2 -7 -15 
-4 32 34 
-1 2 7 
-2 -19 28 
5 -35 -48 
25 -32 -48 
-2 30 48 
4 -28 36 
6 10 -22 
-10 18 45 
-22 -24 -38 
-12 24 -45 
1 -5 -10 
-8 10 16 
-1 -25 46 
6 40 -41 
-14 35 38 
6 25 45 
7 30 -33 
11 23 -24 
-12 31 -38 
-35 39 -46 
4 29 -40 
13 -20 -43 
17 -35 -37 
6 -15 -31 
1 -5 -9 
-6 -15 17 
-7 18 -22 
15 -18 37 
4 34 40 
5 25 -49 
-9 14 49 
9 -23 -48 
7 -38 40 
29 -32 48 
8 14 49 
9 45 50 
-13 -18 22 
-3 -14 33 
12 15 -16 
-36 48 -49 
-1 -10 -21 
7 -15 -29 
10 11 14 
-18 -47 -48 
30 -34 44 
15 -22 -26 
22 -35 48 
2 -9 -41 
5 -27 -49 
6 8 -17 
-23 -28 -33 
-7 -41 43 
15 31 -36 
2 -40 44 
8 25 -33 
-17 33 -39 
1 16 -34 
