-2 13 -30 
-17 28 30 
-2 12 13 
-22 25 29 
17 -22 -24 
6 -7 17 
-3 7 -13 
9 17 -22 
6 -17 -25 
-1 6 30 
6 12 -16 
1 -14 -29 
-13 27 28 
-13 15 21 
-5 -11 -15 
2 26 -30 
15 -17 -20 
-8 14 -22 
-1 24 -26 
-12 -27 -30 
6 10 17 
7 -11 -13 
-5 9 29 
-5 -11 13 
-1 10 -17 
19 -22 -29 
4 -6 -9 
-13 -18 -20 
6 -14 -24 
2 17 -21 
-5 7 10 
-11 17 -27 
-8 -14 29 
1 19 30 
-2 17 -20 
2 -9 -18 
-4 -9 19 
2 -9 16 
-8 -9 -30 
-9 -17 27 
-2 -6 26 
-7 9 -12 
-3 6 14 
-4 14 -25 
-14 15 -16 
-10 11 -14 
3 -10 -16 
8 -14 -29 
11 12 -24 
12 26 28 
13 17 -27 
-2 -4 -29 
-4 -18 -21 
14 24 27 
7 15 -18 
-1 -16 25 
4 9 12 
-4 -5 15 
-8 17 19 
5 -6 -22 
12 -15 -30 
-9 -10 30 
-5 -21 25 
3 -4 26 
-3 4 18 
-2 13 -26 
10 -13 -19 
4 -11 29 
-5 9 -27 
-3 22 -24 
-5 6 19 
15 25 -29 
15 18 25 
-3 -23 -24 
-10 14 27 
3 -7 25 
14 25 -29 
-1 -2 -12 
10 -23 -28 
-1 -8 -9 
2 4 17 
-26 -27 -29 
-2 13 -16 
-10 -13 -19 
-6 -9 -19 
19 20 25 
12 18 -25 
-1 10 -29 
9 17 -24 
-2 -19 27 
3 -8 -15 
1 -16 -21 
11 12 20 
3 -11 -23 
6 17 -29 
19 -20 25 
-19 -21 -27 
1 -6 24 
10 23 29 
2 12 -30 
-11 17 20 
-5 13 28 
-7 28 -30 
-6 -15 18 
5 17 -23 
-13 17 -30 
16 18 -22 
8 -11 -27 
-1 -12 -19 
6 8 -12 
-16 -25 -26 
-8 21 25 
6 -14 -25 
9 13 -28 
-4 16 19 
-9 -13 18 
-5 13 -27 
16 26 -30 
1 11 -28 
5 28 -29 
8 -9 12 
-4 9 27 
5 11 29 
6 14 24 
22 -23 -25 
9 -15 16 
-15 -16 17 
1 5 -14 
-7 10 -15 
6 -29 30 
-4 -8 14 
-6 -9 -29 
14 25 30 
-15 -21 22 
-3 -18 -19 
5 -10 -13 
22 23 -27 
2 -14 26 
13 26 27 
-2 -8 -15 
-10 12 -28 
1 20 27 
-2 8 19 
8 -9 -30 
-6 -12 -18 
4 17 -18 
2 7 -8 
9 11 -28 
4 5 -15 
-24 27 30 
1 13 -26 
-6 -28 29 
15 19 20 
11 13 29 
5 -16 20 
3 -11 22 
