4	2041	0.00078320503234863
5	3003	0.0010299682617188
6	2451	0.0018680095672607
7	2969	0.0030701160430908
8	3022	0.0044572353363037
9	2444	0.0063340663909912
10	4329	0.0081570148468018
11	3993	0.011239051818848
12	4442	0.015180110931396
13	4299	0.019726991653442
14	4801	0.029215097427368
15	3183	0.031429052352905
16	5114	0.037317991256714
17	4831	0.049905061721802
18	5229	0.058984041213989
19	6318	0.072202920913696
20	5071	0.081382036209106
21	5233	0.1029109954834
22	4504	0.11823391914368
23	5173	0.14628911018372
24	6711	0.15831899642944
25	5533	0.20028209686279
26	5200	0.23028182983398
27	6450	0.27164697647095
28	6277	0.28794693946838
29	6007	0.35692095756531
30	6076	0.48042011260986
31	6450	0.54975390434265
32	6981	0.73263597488403
33	6982	0.67814993858337
34	7555	0.83108496665955
35	8281	1.0776309967041
36	6109	0.88582992553711
37	6707	1.1693689823151
38	6875	1.0519070625305
39	7743	1.3065881729126
40	6552	1.1746220588684
41	7194	1.2672369480133
42	6591	1.2943921089172
43	6014	1.4019720554352
44	7244	1.619127035141
45	8649	1.7141969203949
46	6594	1.8344020843506
47	7790	1.9841799736023
48	9459	2.1725628376007
49	8657	2.3767399787903
50	9110	2.6790709495544
51	7621	2.8003919124603
52	9053	3.0525770187378
53	8993	3.3057579994202
54	8530	3.4634518623352
55	7898	3.8104779720306
56	8882	4.2634379863739
57	9793	4.3100049495697
58	9367	4.7297601699829
59	10024	4.9351441860199
60	7577	5.4959418773651
61	9182	5.6311950683594
62	9722	6.7601811885834
63	9040	6.4267129898071
64	10247	7.0745048522949
65	8862	7.1053738594055
66	8660	8.0387620925903
67	9635	7.9251179695129
68	10653	8.6898369789124
69	9801	8.880667924881
70	10483	10.194763183594
71	9958	10.327311038971
72	9210	10.836352825165
73	10804	11.362400054932
74	10735	12.181677103043
75	10459	12.952716112137
76	9930	13.441609859467
77	9077	13.947885990143
78	9799	14.995887994766
79	11996	19.137411832809
80	11882	16.076611042023
81	11332	16.973142147064
82	10496	18.049488067627
83	11566	18.715363025665
84	11565	19.889148950577
85	11810	20.793430805206
86	11337	23.256470918655
